/*--------------------------------*- C++ -*----------------------------------*\
  =========                 |
  \\      /  F ield         | OpenFOAM: The Open Source CFD Toolbox
   \\    /   O peration     | Website:  https://openfoam.org
    \\  /    A nd           | Version:  6
     \\/     M anipulation  |
\*---------------------------------------------------------------------------*/
FoamFile
{
    version     2.0;
    format      ascii;
    class       vectorField;
    location    "constant/polyMesh";
    object      points;
}
// * * * * * * * * * * * * * * * * * * * * * * * * * * * * * * * * * * * * * //


3148
(
(15 -4e-15 61)
(15 -4e-15 0)
(10 -2e-15 47)
(10 -2e-15 13)
(14.5641 3.58973 61)
(13.2818 6.97085 61)
(11.2277 9.94684 61)
(8.52097 12.3448 61)
(5.31907 14.0252 61)
(1.80805 14.8906 61)
(-1.80805 14.8906 61)
(-5.31907 14.0252 61)
(-8.52097 12.3448 61)
(-11.2277 9.94684 61)
(-13.2818 6.97085 61)
(-14.5641 3.58973 61)
(-15 -7.14377e-14 61)
(-14.5641 -3.58973 61)
(-13.2818 -6.97085 61)
(-11.2277 -9.94684 61)
(-8.52097 -12.3448 61)
(-5.31907 -14.0252 61)
(-1.80805 -14.8906 61)
(1.80805 -14.8906 61)
(5.31907 -14.0252 61)
(8.52097 -12.3448 61)
(11.2277 -9.94684 61)
(13.2818 -6.97085 61)
(14.5641 -3.58973 61)
(15 -3.67e-15 3.58824)
(15 -3.67e-15 7.17647)
(15 -3.67e-15 10.7647)
(15 -3.67e-15 14.3529)
(15 -3.67e-15 17.9412)
(15 -3.67e-15 21.5294)
(15 -3.67e-15 25.1176)
(15 -3.67e-15 28.7059)
(15 -3.67e-15 32.2941)
(15 -3.67e-15 35.8824)
(15 -3.67e-15 39.4706)
(15 -3.67e-15 43.0588)
(15 -3.67e-15 46.6471)
(15 -3.67e-15 50.2353)
(15 -3.67e-15 53.8235)
(15 -3.67e-15 57.4118)
(14.5641 3.58973 0)
(13.2818 6.97085 0)
(11.2277 9.94684 0)
(8.52097 12.3448 0)
(5.31907 14.0252 0)
(1.80805 14.8906 0)
(-1.80805 14.8906 0)
(-5.31907 14.0252 0)
(-8.52097 12.3448 0)
(-11.2277 9.94684 0)
(-13.2818 6.97085 0)
(-14.5641 3.58973 0)
(-15 -7.14377e-14 0)
(-14.5641 -3.58973 0)
(-13.2818 -6.97085 0)
(-11.2277 -9.94684 0)
(-8.52097 -12.3448 0)
(-5.31907 -14.0252 0)
(-1.80805 -14.8906 0)
(1.80805 -14.8906 0)
(5.31907 -14.0252 0)
(8.52097 -12.3448 0)
(11.2277 -9.94684 0)
(13.2818 -6.97085 0)
(14.5641 -3.58973 0)
(9.32472 3.61242 47)
(7.39009 6.73696 47)
(4.45738 8.95163 47)
(0.922684 9.95734 47)
(-2.73663 9.61826 47)
(-6.02635 7.98017 47)
(-8.50217 5.26432 47)
(-9.82973 1.8375 47)
(-9.82973 -1.8375 47)
(-8.50217 -5.26432 47)
(-6.02635 -7.98017 47)
(-2.73663 -9.61826 47)
(0.922684 -9.95734 47)
(4.45738 -8.95163 47)
(7.39009 -6.73696 47)
(9.32472 -3.61242 47)
(10 -2.45e-15 16.4)
(10 -2.45e-15 19.8)
(10 -2.45e-15 23.2)
(10 -2.45e-15 26.6)
(10 -2.45e-15 30)
(10 -2.45e-15 33.4)
(10 -2.45e-15 36.8)
(10 -2.45e-15 40.2)
(10 -2.45e-15 43.6)
(9.32472 3.61242 13)
(7.39009 6.73696 13)
(4.45738 8.95163 13)
(0.922684 9.95734 13)
(-2.73663 9.61826 13)
(-6.02635 7.98017 13)
(-8.50217 5.26432 13)
(-9.82973 1.8375 13)
(-9.82973 -1.8375 13)
(-8.50217 -5.26432 13)
(-6.02635 -7.98017 13)
(-2.73663 -9.61826 13)
(0.922684 -9.95734 13)
(4.45738 -8.95163 13)
(7.39009 -6.73696 13)
(9.32472 -3.61242 13)
(14.6419 -3.25794 30.5348)
(14.6781 3.09079 30.5)
(-10.0189 11.1634 57.854)
(-14.8944 -1.77673 57.8728)
(-9.8924 -11.2757 3.1449)
(-14.0303 5.30573 3.11368)
(-6.93204 -13.3021 57.871)
(-3.5683 14.5694 3.11231)
(14.6781 3.09079 41.2647)
(14.6664 -3.14594 19.7436)
(14.6354 -3.28721 41.2653)
(14.678 3.09127 19.735)
(3.58973 -14.5641 3.12972)
(3.58973 -14.5641 57.8703)
(3.58973 14.5641 57.8703)
(6.94907 13.2932 3.1114)
(14.6781 3.09079 12.5588)
(14.6406 -3.26405 12.5186)
(14.6634 -3.15987 48.4321)
(14.6781 3.09079 48.4412)
(9.94684 -11.2277 57.8703)
(-3.58527 -14.5652 3.11513)
(9.94684 -11.2277 3.12972)
(9.94684 11.2277 57.8703)
(-12.3374 -8.53158 57.7484)
(-10.0176 11.1646 3.14901)
(-14.8906 -1.80805 3.12972)
(-14.0303 5.30584 57.8875)
(-3.5696 14.5691 57.8888)
(12.3448 8.52097 3.12972)
(14.6541 -3.20263 5.48844)
(14.5745 -3.54739 55.6564)
(14.6781 3.09079 55.6176)
(14.6781 3.09079 5.38235)
(14.6783 3.0901 23.3223)
(13.7254 6.05094 21.5294)
(13.7254 6.05092 17.9374)
(12.1815 8.75283 19.7346)
(12.1811 8.75333 23.3286)
(10.1106 11.0804 21.5313)
(10.1109 11.0802 25.1292)
(7.60267 12.9306 23.3313)
(7.60288 12.9304 26.931)
(4.76735 14.2222 25.1319)
(4.76474 14.2231 28.7334)
(1.71979 14.9011 26.9335)
(1.7185 14.9012 30.5373)
(-1.40318 14.9342 28.7364)
(-1.40377 14.9342 32.3421)
(-4.4674 14.3193 30.5395)
(-4.46786 14.3192 26.9316)
(-7.33723 13.083 28.7371)
(-7.33689 13.0832 32.3449)
(-9.8893 11.2784 30.5411)
(-9.89024 11.2776 26.9314)
(-12.0131 8.98257 28.7365)
(-12.0149 8.98016 32.3458)
(-12.0073 8.99028 25.125)
(-13.6132 6.29933 26.9305)
(-13.613 6.29975 23.3214)
(-14.6238 3.3385 25.1262)
(4.77851 14.2185 21.5293)
(1.72247 14.9008 34.1453)
(-14.6244 3.33581 21.5169)
(-14.9982 0.232551 23.3215)
(-14.9982 0.232924 26.9316)
(-14.7204 -2.88255 25.1267)
(-14.7204 -2.88257 28.7374)
(-14.7203 -2.88329 21.5162)
(-13.8027 -5.87254 23.3218)
(-12.0095 8.9873 21.5153)
(-13.8024 -5.8732 19.712)
(-12.2852 -8.60658 21.5166)
(-14.7196 -2.88655 17.9072)
(10.1281 11.0644 17.934)
(-12.2832 -8.60947 17.9076)
(-10.2333 -10.9672 19.7125)
(-10.2341 -10.9664 23.3211)
(-7.73904 -12.8494 21.5164)
(-7.73937 -12.8492 25.1254)
(-4.90921 -14.1739 23.3214)
(-4.90921 -14.1739 26.9292)
(-1.86738 -14.8833 25.126)
(-1.86707 -14.8833 28.7322)
(-1.86685 -14.8834 21.5198)
(-4.90931 -14.1739 30.5357)
(-1.86788 -14.8832 32.3382)
(-4.90932 -14.1739 34.142)
(-1.86746 -14.8833 35.9453)
(-4.90938 -14.1738 37.7497)
(-1.86611 -14.8835 39.5529)
(1.25554 -14.9474 34.1409)
(1.25462 -14.9474 23.3232)
(1.25522 -14.9474 19.7181)
(-4.90921 -14.1739 41.3579)
(-7.73993 -12.8489 39.5536)
(-7.73991 -12.8489 43.1635)
(-10.2354 -10.9652 41.3582)
(-1.86519 -14.8836 43.1617)
(1.25734 -14.9472 41.3568)
(-7.73821 -12.8499 17.9085)
(7.60531 12.929 30.5375)
(4.32107 -14.3641 21.5211)
(4.32197 -14.3639 17.917)
(1.25574 -14.9473 16.1127)
(-10.2357 -10.965 44.9693)
(-12.2869 -8.60424 43.1638)
(1.25945 -14.947 44.9646)
(4.32718 -14.3623 43.16)
(-1.4015 14.9344 35.9489)
(1.72727 14.9002 37.7506)
(-1.39933 14.9346 39.5561)
(1.72531 14.9004 41.3591)
(-1.3993 14.9346 43.1649)
(-4.46475 14.3201 41.3621)
(4.77602 14.2193 39.5534)
(4.77435 14.2199 43.1601)
(-4.46376 14.3204 44.9718)
(-7.33611 13.0836 43.1682)
(-10.2342 -10.9663 37.7496)
(4.32381 -14.3633 14.311)
(7.2028 -13.1575 16.1157)
(-1.8642 -14.8837 46.7704)
(4.3284 -14.3619 46.7669)
(7.20841 -13.1544 44.9631)
(7.2071 -13.1551 41.3585)
(-1.39527 14.935 46.7735)
(-12.2869 -8.60423 46.7754)
(-13.8042 -5.86885 44.9695)
(-13.8034 -5.87073 41.3587)
(-14.7211 -2.87909 43.1633)
(7.6158 12.9228 41.3559)
(7.61571 12.9229 44.9604)
(-7.33532 13.0841 46.779)
(-9.88968 11.278 44.9743)
(-14.7213 -2.87805 46.7754)
(-14.9981 0.237393 44.9691)
(-14.9981 0.236486 41.3583)
(4.32039 -14.3643 25.1244)
(7.19851 -13.1598 23.3235)
(7.19801 -13.1601 26.9252)
(9.76357 -11.3874 25.1251)
(-10.2344 -10.9662 26.9301)
(-14.9982 0.232547 30.5425)
(9.76337 -11.3876 28.7249)
(-14.9981 0.238207 48.5818)
(1.25623 -14.9473 12.5063)
(-10.2348 -10.9658 48.581)
(7.20456 -13.1565 12.5105)
(7.20888 -13.1542 48.5688)
(-9.88886 11.2788 48.5864)
(9.7734 -11.379 43.1597)
(9.77242 -11.3798 39.5583)
(9.7709 -11.3811 14.3142)
(-9.88577 11.2815 41.3633)
(-14.7204 -2.88293 32.3474)
(10.1249 11.0673 43.1566)
(10.1246 11.0676 39.554)
(10.1259 11.0665 46.7609)
(7.6172 12.922 48.5656)
(-14.6226 3.34343 43.1627)
(-14.6239 3.33785 39.5518)
(-7.33342 13.0851 50.3914)
(-14.7213 -2.87828 50.3886)
(10.1283 11.0643 50.3655)
(9.7723 -11.3799 10.7104)
(12.0024 -8.99682 26.9617)
(11.9165 -9.1103 23.3325)
(12.0067 -8.99106 30.4899)
(4.3287 -14.3618 50.374)
(9.80426 -11.3524 32.3103)
(11.9383 -9.08172 34.1251)
(7.20703 -13.1552 37.7544)
(-7.73854 -12.8497 32.339)
(-13.8028 -5.87216 30.5431)
(-13.8022 -5.87357 34.1532)
(-12.0137 8.98175 46.7816)
(-12.013 8.98267 50.3944)
(-1.86772 -14.8833 14.3095)
(-1.86143 -14.8841 10.6169)
(-4.91821 -14.1708 12.5024)
(12.1838 8.74955 26.9261)
(12.1959 8.73276 44.9573)
(-12.2865 -8.60483 50.3879)
(7.65212 12.9014 52.1077)
(4.79697 14.2123 50.3704)
(7.20587 -13.1558 8.90527)
(-10.2656 -10.937 52.1236)
(-7.75818 -12.8379 50.3871)
(-14.9981 0.238626 52.1953)
(7.28581 -13.1117 52.2124)
(9.85955 -11.3044 50.3905)
(13.5648 -6.40287 25.1354)
(11.9144 -9.11302 41.3582)
(11.93 -9.09262 44.9983)
(12.0115 -8.9847 12.5453)
(11.9255 -9.09842 8.91429)
(12.0403 -8.946 16.1128)
(-4.91122 -14.1732 8.89462)
(-7.74497 -12.8458 10.6977)
(4.32057 -14.3643 28.7273)
(1.25837 -14.9471 8.89743)
(-14.9982 0.232922 34.1528)
(-12.2828 -8.61011 32.3481)
(-14.6237 3.33891 32.3454)
(-13.614 6.29763 41.3562)
(-13.6126 6.30053 37.747)
(-13.6148 6.29581 48.589)
(-13.615 6.29545 52.2028)
(-11.6042 9.5049 54.3523)
(-8.20952 -12.554 6.71778)
(-10.3431 -10.8637 8.94037)
(-10.2477 -10.9538 12.5081)
(-12.3145 -8.56461 10.7119)
(-12.2913 -8.5979 7.08607)
(-13.8102 -5.85468 8.89173)
(-13.8094 -5.85663 12.508)
(-14.7234 -2.8671 10.6997)
(-13.9799 -5.43713 5.22133)
(-14.6146 -3.37825 54.3609)
(5.15302 14.0871 54.3452)
(1.72653 14.9003 52.1753)
(13.5956 -6.33727 43.1331)
(13.5793 -6.37194 39.5585)
(14.607 -3.41107 37.6119)
(13.7067 -6.0931 32.3386)
(13.5562 -6.42106 21.5213)
(13.6957 -6.11787 10.6892)
(-8.23468 -12.5375 54.3494)
(-5.04113 -14.1275 52.2249)
(4.33012 -14.3614 53.9818)
(1.25918 -14.9471 52.1782)
(13.6262 -6.27112 7.11916)
(10.1309 11.0619 53.9722)
(12.2014 8.72499 52.1658)
(12.2088 8.7146 55.7369)
(13.6556 -6.20671 46.7748)
(7.21308 -13.1519 55.7853)
(-12.3026 -8.5817 53.8873)
(14.63 -3.31111 23.3292)
(13.6573 -6.20299 17.8751)
(14.6607 -3.17236 44.851)
(13.7249 -6.05205 50.4108)
(12.0616 -8.91734 48.9539)
(12.2494 -8.6575 52.7397)
(10.0371 -11.1471 54.042)
(11.9079 -9.12155 19.733)
(14.6494 -3.22435 26.8855)
(13.641 -6.23886 28.7127)
(9.79008 -11.3646 46.8061)
(12.1947 8.73441 41.3561)
(12.194 8.73539 37.7553)
(10.1256 11.0667 35.9539)
(12.1949 8.7341 34.156)
(13.7334 6.03271 35.9492)
(7.61759 12.9218 37.752)
(7.61465 12.9235 34.147)
(4.76942 14.2216 35.9473)
(4.76921 14.2216 32.3389)
(7.20026 -13.1589 19.7205)
(9.81984 -11.3389 17.9001)
(1.25383 -14.9475 26.928)
(1.25318 -14.9476 30.5323)
(4.3238 -14.3633 32.3371)
(7.22103 -13.1475 30.531)
(9.77424 -11.3782 21.5233)
(-4.90858 -14.1741 19.7121)
(12.1979 8.72996 48.5627)
(1.26111 -14.9469 37.7486)
(4.32765 -14.3622 39.552)
(4.32565 -14.3628 35.9468)
(7.20832 -13.1545 34.1301)
(-12.0121 8.98389 43.1686)
(-13.6138 6.29804 44.975)
(-13.8028 -5.87215 26.9314)
(-12.2852 -8.6066 28.7368)
(-10.2336 -10.9669 30.5418)
(13.7261 6.04935 25.1227)
(-12.2854 -8.60637 25.1272)
(10.1155 11.076 28.7323)
(12.1853 8.74755 30.5243)
(10.123 11.0691 32.3542)
(-7.74133 -12.848 46.7758)
(-4.92705 -14.1677 48.5847)
(-4.91073 -14.1734 44.9684)
(-14.6238 3.33839 28.7358)
(-13.6147 6.2961 30.5398)
(-14.7532 -2.70981 7.10171)
(-14.9979 0.249935 8.89344)
(-14.9979 0.249393 12.5075)
(-14.6143 3.37979 10.6172)
(-14.6198 3.35587 14.3147)
(-13.6052 6.31649 12.5084)
(-13.6049 6.31724 8.8948)
(-11.9983 9.00229 10.7023)
(-11.9988 9.00161 14.315)
(-9.87009 11.2952 12.51)
(-9.87067 11.2947 16.1228)
(-7.31315 13.0965 14.3175)
(-7.31408 13.096 17.9289)
(-4.43949 14.328 16.1244)
(-4.43792 14.3285 12.5142)
(-1.37268 14.9371 14.3205)
(-1.41512 14.9331 10.624)
(1.75987 14.8964 12.5086)
(1.75528 14.8969 8.90785)
(4.85517 14.1925 10.6241)
(-4.44172 14.3273 19.7335)
(4.81135 14.2074 14.3105)
(7.64158 12.9076 12.519)
(-7.31963 13.0929 21.5373)
(-4.507 14.3069 8.91298)
(7.7141 12.8644 8.92216)
(10.169 11.0269 10.7244)
(-9.83693 11.3241 8.96638)
(10.1513 11.0431 7.11161)
(12.1887 8.74279 8.98635)
(12.2032 8.72245 12.5297)
(10.1504 11.044 14.3196)
(-1.37412 14.9369 17.9308)
(-1.38875 14.9356 21.5372)
(1.75364 14.8971 16.1225)
(-7.31185 13.0972 10.7057)
(-9.87779 11.2885 19.7315)
(-12.2857 -8.60594 39.5553)
(-4.45813 14.3222 48.5831)
(-4.45864 14.322 52.1956)
(-7.32547 13.0896 53.9052)
(-9.70596 11.4365 52.1162)
(-4.46575 14.3198 34.1461)
(-7.33526 13.0841 35.9534)
(-9.88924 11.2784 34.1509)
(-13.8041 -5.86915 48.5817)
(-13.7748 -5.93768 52.168)
(1.72742 14.9002 44.9673)
(-14.9982 0.229512 19.7137)
(14.6781 3.09079 16.1471)
(14.6783 3.0901 34.087)
(14.6781 3.09079 26.9118)
(-4.4643 14.3203 37.7535)
(4.33086 -14.3612 10.6774)
(-7.73962 -12.8491 28.7336)
(14.6581 -3.18426 16.1478)
(14.6783 3.0901 44.8517)
(-7.73874 -12.8496 35.9461)
(-1.86832 -14.8832 17.9153)
(1.26133 -14.9469 48.571)
(4.78552 14.2161 17.9227)
(4.77697 14.219 46.7645)
(14.6473 -3.23358 8.95723)
(13.8558 -5.74596 3.32514)
(14.6783 3.0901 8.96938)
(13.7367 6.02519 50.3333)
(-7.33386 13.0849 39.5612)
(12.1374 -8.81385 5.30766)
(9.84923 -11.3134 7.07949)
(6.93671 -13.2997 4.99535)
(4.38057 -14.3461 6.83098)
(-9.88569 11.2815 37.7554)
(-4.91172 -14.173 16.1074)
(1.73638 14.8992 48.5728)
(-7.74837 -12.8438 14.3019)
(-10.2325 -10.968 34.1462)
(-10.2408 -10.9602 16.1091)
(-1.91048 -14.8778 50.4623)
(-12.2835 -8.60906 35.9527)
(-12.2901 -8.59955 14.3021)
(-1.39811 14.9347 25.1378)
(-13.8044 -5.86838 16.1093)
(-13.6124 6.30089 34.1429)
(-13.8037 -5.87016 37.7563)
(-14.7208 -2.88078 39.5528)
(-14.7202 -2.88377 35.9492)
(-14.6239 3.33791 35.9485)
(-14.9982 0.231982 37.756)
(-4.45505 14.3231 23.3348)
(-14.9981 0.241621 16.1091)
(-14.7231 -2.86905 14.3051)
(9.78361 -11.3702 35.9459)
(11.9278 -9.0955 37.7621)
(-7.33221 13.0858 25.1388)
(-9.88231 11.2845 23.3313)
(13.7262 6.049 28.7075)
(-14.6214 3.34861 17.9141)
(-13.6083 6.30995 19.7102)
(-13.6041 6.31897 16.1088)
(-11.9988 9.00161 17.9146)
(-1.4383 14.9309 50.4526)
(13.633 -6.25627 14.2836)
(-12.0118 8.98428 39.553)
(-12.0101 8.98651 35.9477)
(-14.623 3.34201 46.7754)
(-14.6181 3.36342 50.4641)
(9.96955 11.2075 3.24966)
(6.94352 13.2961 57.8764)
(14.6531 -3.20722 34.0896)
(0.00131262 15 57.871)
(-1.63176 14.911 54.797)
(-0.00544133 -15 3.1081)
(-1.83368 -14.8875 6.21275)
(12.2774 -8.61768 57.9397)
(3.58973 14.5641 3.12972)
(5.10421 14.1049 6.23053)
(0.00101259 15 3.12915)
(-1.66777 14.907 6.22824)
(-7.04004 13.2453 3.259)
(-0.00747688 -15 57.8861)
(-3.57487 -14.5678 57.8926)
(-1.84224 -14.8864 54.804)
(-9.89742 -11.2713 57.8591)
(-7.04556 13.2424 57.7458)
(-6.95665 -13.2893 3.12896)
(13.7268 6.04773 32.2941)
(-12.4093 8.42664 3.13909)
(-14.0457 -5.26486 57.8597)
(-12.3448 -8.52097 3.12972)
(-12.3972 8.4445 57.8719)
(-14.8906 1.80805 3.12972)
(-14.5831 3.51187 6.21305)
(-14.8906 1.80803 57.8929)
(-14.59 3.48328 54.8086)
(7.61762 12.9218 19.7346)
(13.5752 -6.38074 35.902)
(1.73641 14.8992 19.7243)
(1.72885 14.9 23.3301)
(7.63389 12.9122 16.1147)
(13.7332 6.03313 14.3537)
(12.1904 8.7404 16.1503)
(14.6807 3.07835 37.6791)
(13.728 6.04502 39.5229)
(13.7356 6.02772 43.0852)
(13.7326 6.0345 10.7626)
(13.7259 6.04973 46.6703)
(-11.6207 9.48469 6.72688)
(-7.30351 13.1019 7.1853)
(14.6672 -3.14235 52.0211)
(13.4709 6.59817 6.72185)
(14.6806 3.07888 52.0349)
(13.7323 6.03523 53.9038)
(13.9097 5.61434 57.6871)
(13.9607 5.48628 3.02758)
(13.9602 -5.48761 57.9713)
(13.6883 -6.13431 53.2875)
(1.80814 14.8906 5.7325)
(-15 -6.47764e-14 5.72973)
(1.80818 14.8906 55.3129)
(-15 -7.80991e-14 55.3195)
(-5.18118 -14.0768 5.77915)
(-5.19374 -14.0721 55.2708)
(1.51919 -14.9229 5.81926)
(1.57927 -14.9166 55.2346)
(-13.4624 6.61547 5.84895)
(-4.76677 14.2224 5.89789)
(-13.461 6.61836 55.2018)
(12.3448 -8.52097 2.39192)
(-4.81265 14.207 55.1631)
(7.98201 12.6999 5.89031)
(7.78771 12.82 54.998)
(-14.0252 -5.31907 2.35789)
(-10.4312 -10.7792 6.10686)
(11.9803 9.02616 6.00436)
(-13.6931 -6.12359 55.0233)
(12.3448 8.52097 58.697)
(6.97085 -13.2818 58.703)
(-9.58237 11.5403 6.05372)
(-10.4935 -10.7185 55.0194)
(-9.54631 11.5701 55.04)
(6.97085 -13.2818 2.15029)
(14.7695 2.61963 2.62219)
(11.8152 -9.24124 55.3256)
(14.7472 -2.7425 2.67869)
(14.7695 -2.61963 58.3778)
(14.7695 2.61963 58.3778)
(13.4009 -6.73911 55.9029)
(11.2428 -4.66572 61)
(-10.9949 4.1698 61)
(-2.57778 -11.9807 61)
(5.46468 10.4121 61)
(-11.0709 -4.39409 61)
(5.62317 -10.446 61)
(-5.33828 10.5583 61)
(10.9949 4.1698 61)
(-8.0101 -8.83944 61)
(-4.59492e-14 11.759 61)
(12.3029 1.53182 61)
(8.94171 1.56748 61)
(7.43802 4.53442 61)
(5.33453 1.73956 61)
(3.84026 4.90239 61)
(1.73239 2.07286 61)
(3.21739 -1.20735 61)
(-0.383184 -0.844474 61)
(-1.8641 2.45395 61)
(1.09766 -4.14114 61)
(-3.98097 -0.475597 61)
(4.63531 -4.36997 61)
(-5.35436 2.74632 61)
(-7.13322 -0.169122 61)
(-5.76346 -3.27052 61)
(-3.35031 5.51142 61)
(-7.25067 5.7728 61)
(2.85032 -7.94701 61)
(-0.951225 -6.93218 61)
(6.78876 -1.32095 61)
(0.247542 5.29668 61)
(2.45789 8.62182 61)
(-2.43306 -3.72826 61)
(-4.79868 -6.93003 61)
(0.0424285 -10.1377 61)
(-1.98869 8.81499 61)
(9.50036 7.08535 61)
(7.95493 -4.49298 61)
(6.30294 -7.31012 61)
(9.69845 -7.14777 61)
(5.9945 7.40553 61)
(10.9069 -1.43343 61)
(2.69303 -11.8179 61)
(-5.37323 -10.4855 61)
(3.00994 11.9418 61)
(-10.2418 -7.20881 61)
(-2.89082 12.0096 61)
(-12.3935 1.50485 61)
(-7.92702 8.92511 61)
(-10.1364 7.15708 61)
(-12.3935 -1.50485 61)
(-8.65815 2.5283 61)
(-8.10258 -5.54151 61)
(8.22858 -9.46898 61)
(8.14679 9.50881 61)
(-9.11394 -2.48001 61)
(0.0315355 -12.7435 61)
(-9.93847 -0.0241675 61)
(-2.7317 -9.29322 61)
(-4.94994 7.83593 61)
(11.2428 -4.66572 0)
(-10.9949 4.1698 0)
(-2.34494 -11.4487 0)
(5.46468 10.4121 0)
(-9.98788 -6.60725 0)
(5.62317 -10.446 0)
(-5.33828 10.5583 0)
(10.9949 4.1698 0)
(-11.7128 -1.59025 0)
(-4.59492e-14 11.759 0)
(12.3029 1.53182 0)
(8.94171 1.56748 0)
(7.43802 4.53442 0)
(5.33453 1.73956 0)
(3.84026 4.90239 0)
(1.73239 2.07286 0)
(3.21739 -1.20735 0)
(-0.383184 -0.844474 0)
(-1.8641 2.45395 0)
(1.09766 -4.14114 0)
(-3.98097 -0.475597 0)
(4.63531 -4.36997 0)
(-5.35436 2.74632 0)
(-3.35031 5.51142 0)
(-7.25067 5.7728 0)
(-8.14611 -0.202318 0)
(-6.09792 -3.40641 0)
(2.85032 -7.94701 0)
(-1.47305 -7.7009 0)
(6.78876 -1.32095 0)
(0.247542 5.29668 0)
(2.45789 8.62182 0)
(-2.57577 -3.87902 0)
(-4.61718 -6.70563 0)
(0.475081 -10.233 0)
(-1.98869 8.81499 0)
(9.50036 7.08535 0)
(7.95493 -4.49298 0)
(6.30294 -7.31012 0)
(9.69845 -7.14777 0)
(5.9945 7.40553 0)
(10.9069 -1.43343 0)
(2.90767 -12.0564 0)
(-11.7229 -4.33607 0)
(-8.43029 -8.88265 0)
(-5.40694 -9.56646 0)
(3.00994 11.9418 0)
(-11.7355 1.46496 0)
(-2.89082 12.0096 0)
(-7.92702 8.92511 0)
(-10.1364 7.15708 0)
(-9.09224 -3.19351 0)
(-8.41549 2.72711 0)
(8.22858 -9.46898 0)
(8.14679 9.50881 0)
(6.01741e-14 -12.8885 0)
(-7.27207 -6.39365 0)
(-4.94994 7.83593 0)
(-4.45738 8.95163 43.8219)
(-10 5.00745e-14 16.1781)
(-4.45738 -8.95163 16.1781)
(9.56244 -2.9257 31.6975)
(9.41633 3.3664 28.2935)
(-9.32472 -3.61242 43.8219)
(-4.45738 8.95163 16.1781)
(-0.520558 -9.98644 43.8743)
(9.37373 3.48328 35.102)
(9.5665 -2.9124 24.9)
(6.14376 7.89014 15.9363)
(5.84511 -8.11386 43.9143)
(6.14462 -7.88947 16.1752)
(6.10805 7.91781 43.9722)
(-9.19737 3.92536 44.0595)
(9.55723 -2.94269 38.5075)
(9.43036 3.32689 21.4635)
(9.50258 3.11464 41.8229)
(9.46594 -3.22427 18.1421)
(9.56019 -2.93304 35.0965)
(8.27501 -5.61465 33.3948)
(8.28009 -5.60715 29.9403)
(6.22153 -7.82896 31.6581)
(6.23122 -7.82124 28.1447)
(3.55966 -9.34499 29.8867)
(3.57292 -9.33993 26.3227)
(0.534781 -9.98569 28.0956)
(0.521075 -9.98641 31.6748)
(-2.56963 -9.66421 29.8769)
(-2.58111 -9.66115 33.5073)
(-5.4358 -8.39358 31.6667)
(-5.41604 -8.40634 28.0566)
(-7.76836 -6.29703 29.845)
(-7.75029 -6.31926 26.2076)
(-9.34009 -3.57251 28.0119)
(-9.34668 -3.55522 31.6606)
(-9.98926 -0.463416 29.8255)
(-9.98997 -0.447685 33.4831)
(-9.62986 2.6955 31.6411)
(-9.63561 2.6749 27.9858)
(-8.31129 5.5608 29.8016)
(-8.29485 5.58529 33.4547)
(-6.1517 7.88394 31.614)
(-6.16729 7.87176 27.9835)
(-3.41448 9.39901 29.7893)
(-3.40143 9.40374 33.4048)
(-0.313969 9.99507 31.5928)
(-0.312848 9.99511 28.003)
(-0.32726 9.99464 35.1944)
(-5.39329 -8.42095 35.3286)
(0.615778 -9.98102 35.2914)
(0.546997 -9.98503 24.5065)
(2.76792 9.6093 33.3989)
(-9.33551 -3.58445 24.3641)
(2.75907 9.61184 36.9787)
(-7.74899 -6.32086 22.5621)
(3.61261 -9.32465 22.7323)
(-3.39089 9.40754 37.0182)
(0.585658 -9.98284 20.9096)
(6.21443 -7.83459 35.1666)
(-9.35672 -3.5287 35.3724)
(-9.99026 -0.441334 37.1418)
(5.56672 8.30732 35.1852)
(5.57347 8.3028 31.6332)
(-2.46909 -9.69039 22.6804)
(-9.32965 -3.59968 20.7089)
(-9.98615 -0.526075 22.5642)
(5.51968 8.33865 38.6658)
(2.76373 9.61051 40.5613)
(-7.72787 -6.34666 18.8964)
(-9.26996 -3.7507 39.1344)
(-9.99073 -0.430504 40.8046)
(-7.74486 -6.32591 41.3512)
(-9.64016 2.65846 38.8665)
(8.01167 5.98441 37.0012)
(7.68094 6.40337 40.7001)
(3.44939 -9.38625 19.107)
(6.55914 -7.54835 20.8846)
(0.727614 -9.97349 17.3265)
(7.85197 6.19247 33.4352)
(7.89785 6.13384 29.8924)
(5.63205 8.26317 28.1261)
(7.87167 6.1674 26.3946)
(5.63246 8.26289 24.5912)
(7.87233 6.16656 22.858)
(5.58824 8.29286 21.1466)
(2.84022 9.58818 22.8043)
(2.86826 9.57983 19.2144)
(-0.277915 9.99614 20.9944)
(0.21974 9.99759 17.3749)
(7.5449 6.56312 19.124)
(9.44875 3.2743 17.9679)
(2.79209 9.6023 29.8305)
(-7.58307 -6.51898 37.6498)
(-5.27819 -8.49357 39.7128)
(-2.39189 -9.70973 37.3347)
(0.901978 -9.95924 38.9134)
(6.28828 -7.77545 24.5517)
(-5.72606 -8.19831 43.1347)
(9.3267 3.6073 31.7045)
(-9.62809 2.70185 35.291)
(-8.30664 5.56774 37.1127)
(-8.3769 5.46146 40.8528)
(-9.40687 -3.39276 16.6603)
(-9.98815 -0.48676 26.1798)
(-7.74672 -6.32363 33.5413)
(8.45831 -5.33452 22.9749)
(-2.54649 -9.67034 26.2906)
(9.5665 -2.9124 28.3)
(9.37209 3.48768 24.9044)
(-9.64345 2.6465 24.3385)
(-9.6422 2.65103 20.6818)
(-8.32886 5.53444 22.5104)
(-8.45672 5.33703 18.7913)
(-6.13013 7.90073 20.7037)
(-6.1772 7.86398 24.3375)
(-8.32406 5.54167 26.1538)
(-3.37818 9.41211 26.1367)
(-6.14905 7.88601 35.2332)
(9.39123 3.43582 38.5661)
(9.5665 -2.9124 41.9)
(8.32817 -5.53549 40.1756)
(-3.46005 9.38233 22.5207)
(-6.12813 7.90228 38.8556)
(-0.310272 9.99519 38.7725)
(-0.946438 9.95511 42.3628)
(2.7683 -9.60919 43.9186)
(3.97957 -9.17404 40.8382)
(3.57596 -9.33876 33.4083)
(-5.41663 -8.40596 20.8768)
(2.80716 9.59791 26.3281)
(7.98202 -6.0239 18.3666)
(-5.40051 -8.41632 24.4754)
(8.30325 -5.57279 36.8)
(3.68922 -9.2946 36.9621)
(-0.351327 9.99383 24.4738)
(-2.89017 -9.57324 18.9478)
(-9.36385 3.50975 16.1166)
(-3.74274 9.27318 40.4853)
(8.32544 -5.5396 26.4998)
(8.39005 5.44123 43.9392)
(-7.39009 6.73696 44.0008)
(8.39005 -5.44123 43.9392)
(2.70122 9.62826 44.0294)
(9.60797 -2.77254 21.5)
(-2.25244 -9.74302 41.1002)
(3.51975 9.36009 15.9364)
(-3.49381 9.36981 18.9505)
(-9.99854 0.17091 44.1252)
(-7.41975 6.70428 15.8837)
(6.3554 -7.72068 38.4209)
(8.29529 5.58464 15.964)
(-7.27879 -6.85705 15.797)
(-9.98379 -0.56923 19.3207)
(8.4899 -5.28409 15.7711)
(3.61018 -9.32559 15.8853)
(-7.78244 -6.27962 44.3181)
(-1.97919 -9.80218 15.7488)
(-6.10902 7.91706 41.775)
(0.919859 -9.9576 41.7239)
(9.68239 2.50026 44.5644)
(9.68239 -2.50026 44.5644)
(9.69878 2.43591 15.3667)
(6.6231 -7.4923 41.2488)
(5.21851 8.53036 41.3355)
(-6.17417 7.86636 17.9658)
(-0.924621 9.95716 45.023)
(-9.76923 2.13594 41.6005)
(9.72874 -2.31337 15.2324)
(-9.83383 1.81544 18.1411)
(-5.89215 -8.07976 18.1988)
(5.2553 8.50775 18.5726)
(-2.07169 9.78305 15.5483)
(8.57551 -5.14398 20.4648)
(-3.3746 -9.4134 44.4873)
(6.07438 -3.42616 47)
(-4.91226 4.47812 47)
(-2.96287 -5.95024 47)
(4.02797 5.62619 47)
(-0.436382 6.968 47)
(6.53392 1.2214 47)
(-6.6471 3.23074e-14 47)
(1.81906 -6.39335 47)
(7.55415 -1.41211 47)
(-0.696932 -7.5211 47)
(-2.99008 6.44746 47)
(-6.92672 2.67653 47)
(-5.67928 -5.17735 47)
(-3.86521 -2.37687 47)
(-0.427466 -3.88028 47)
(-0.641942 -0.275402 47)
(2.64409 -2.45953 47)
(2.86251 1.89219 47)
(-0.968056 3.36219 47)
(-3.87925 1.31471 47)
(2.1031 7.39163 47)
(-7.0708 -2.83265 47)
(6.17243 3.88292 47)
(4.477 -5.59352 47)
(1.41549 4.87049 47)
(5.0483 -0.869038 47)
(6.53392 1.2214 13)
(-6.6471 3.22846e-14 13)
(-0.436382 6.968 13)
(1.81906 -6.39335 13)
(-4.91226 4.47812 13)
(6.07438 -3.42616 13)
(4.02797 5.62619 13)
(-2.96287 -5.95024 13)
(7.55415 -1.41211 13)
(-2.99008 6.44746 13)
(5.92064 3.81191 13)
(2.1031 7.39163 13)
(-6.92672 2.67653 13)
(-5.67928 -5.17735 13)
(-3.86521 -2.37687 13)
(-0.427993 -3.88597 13)
(-0.64203 -0.27635 13)
(2.64403 -2.46021 13)
(3.00023 1.87461 13)
(-0.925996 3.31309 13)
(-3.87426 1.30875 13)
(-7.0708 -2.83265 13)
(-0.692789 -7.40161 13)
(4.47699 -5.59366 13)
(1.45731 4.90441 13)
(5.08196 -0.863516 13)
(-7.24958 -2.07369 54.1083)
(2.52695 5.92169 54.0151)
(-2.63248 -7.51619 54.0883)
(7.80007 0.197535 54.0189)
(-4.61749 6.45691 53.9773)
(4.81313 -6.28417 54.0958)
(8.17216 0.341683 6.55242)
(-0.437466 -0.429102 54.0039)
(2.55098 5.94789 6.48191)
(-5.35499 -3.39962 6.60436)
(0.824424 -8.21904 6.45353)
(-4.01967 6.76345 6.46709)
(1.47716 -0.749701 6.54037)
(-8.35244 2.16779 6.8557)
(6.64958 -5.78079 6.12584)
(-8.58822 2.9836 52.2784)
(7.76437 5.45444 52.351)
(7.87118 5.67558 7.66821)
(-0.763464 9.8211 52.159)
(-3.23495 1.55716 5.16932)
(1.56924 -9.80635 56.0642)
(-10.3547 0.926913 56.2796)
(-5.56721 2.11036 56.1113)
(9.06955 -4.34039 52.0488)
(-4.47523 -8.68226 7.78664)
(-7.34481 -6.69568 51.8191)
(3.54863 1.57348 56.3097)
(-1.21048 4.16284 56.5258)
(-0.272206 10.0508 4.92348)
(6.31691 8.25246 56.1493)
(-6.53727 -6.15797 56.5124)
(9.17272 3.92564 56.6211)
(-8.94106 5.50371 56.3372)
(-4.39465 0.844679 51.6923)
(4.82685 -2.39236 51.4482)
(5.72329 3.47886 4.24246)
(4.70376 2.51132 8.59264)
(5.91751 8.65779 4.56024)
(4.33898 2.29846 51.5959)
(3.00075 -9.88134 51.4807)
(9.89579 -3.22569 56.634)
(-10.0226 -2.24028 4.91904)
(4.96048 9.11715 51.6374)
(1.98431 10.1959 56.0159)
(-1.1862 4.16033 51.907)
(-3.73619 -3.76351 51.5614)
(-2.79443 10.0912 56.4598)
(10.0301 -3.51415 8.39491)
(5.38039 -2.5851 56.7033)
(0.82754 -5.29688 51.5819)
(0.802717 -5.17527 56.2793)
(5.16337 -2.30547 8.69252)
(-7.88142 7.18486 8.89036)
(3.63747 10.1324 8.46574)
(10.1507 3.69138 4.4208)
(-3.64975 -1.88223 56.7628)
(-10.2205 -3.30606 56.9419)
(10.4483 2.16541 51.0458)
(-10.2646 -3.4162 51.1317)
(-1.10859 -4.26429 4.54973)
(-7.75791 -7.07125 4.70729)
(5.12175 -2.00047 4.18901)
(7.99711 -7.15379 56.9686)
(-2.43021 -10.6241 57.0326)
(-1.04447 3.89301 8.45227)
(4.81168 -9.27778 8.44461)
(9.49629 -3.07271 3.96439)
(-7.91061 7.24742 51.0177)
(-8.59487 6.11769 4.42955)
(-1.06582 8.74505 9.03723)
(4.45361 -9.01539 4.03179)
(-1.42967 -5.24445 8.88048)
(-3.05487 -0.53206 9.06313)
(-2.34968 -10.48 4.3307)
(-9.32058 -5.01893 8.49647)
(0.7786 2.77657 4.15069)
(-4.53122 -9.94103 50.9787)
(-6.39976 8.48635 57.2929)
(11.2824 0.270056 9.15882)
(-7.72836 -1.28628 9.2334)
(-4.91219 10.0201 51.8394)
(-5.91822 9.08669 3.73609)
(-0.857724 -11.2119 52.8133)
(6.916 -8.2666 50.9557)
(1.54834 6.1886 50.4558)
(11.2438 0.521822 56.0714)
(-4.95558 9.95215 9.58458)
(8.51827 -0.976067 50.5645)
(-1.0795 -10.8857 9.2392)
(2.68336 -5.59035 9.04137)
(-7.21666 -1.36282 50.4363)
(-10.9807 2.70408 3.79911)
(7.10221 0.900658 57.7133)
(8.02386 -7.71335 3.26692)
(-11.2861 0.478284 50.5473)
(-5.13418 3.66822 8.95921)
(1.37142 -1.47922 57.5272)
(8.33262 2.50945 9.58047)
(-1.13886 6.30533 3.66415)
(2.806 -5.32591 4.4106)
(7.0827 8.86366 9.75566)
(-7.36494 -0.714835 57.4447)
(1.37754 -11.387 3.61648)
(11.3973 -1.52019 52.9192)
(5.71167 4.4542 55.3109)
(-6.41068 -0.644052 3.71864)
(8.59761 -7.05584 9.2821)
(11.7294 0.490187 5.47158)
(1.32186 6.26703 9.76109)
(1.4876 -0.334898 50.4432)
(-5.36993 4.42304 50.8538)
(-5.69055 -9.69333 55.1197)
(-3.92572 -6.91314 3.86083)
(1.44557 6.73338 57.6272)
(-2.79192 -5.92537 57.6777)
(3.10103 10.8949 3.57751)
(-10.4249 4.03862 9.71661)
(4.38398 -6.45553 57.852)
(8.14379 -0.866417 9.71302)
(5.29854 -9.52223 55.9101)
(-5.15938 4.5117 3.48209)
(2.19197 11.4059 50.31)
(-4.53855 5.34716 57.4569)
(-10.073 -5.63948 54.0787)
(10.0517 6.22374 10.5491)
(11.0735 4.06875 7.86793)
(10.167 5.92861 49.6683)
(10 -2.44929e-15 47)
(10 -2.44929e-15 13)
(-5 -5 45)
(-5 -5 15)
(-5 5 45)
(-5 5 15)
(5 -5 15)
(5 -5 45)
(5 5 45)
(5 5 15)
(9.84808 1.73648 47)
(9.39693 3.4202 47)
(8.66025 5 47)
(7.66044 6.42788 47)
(6.42788 7.66044 47)
(5 8.66025 47)
(3.4202 9.39693 47)
(1.73648 9.84808 47)
(-3.04739e-14 10 47)
(-1.73648 9.84808 47)
(-3.4202 9.39693 47)
(-5 8.66025 47)
(-6.42788 7.66044 47)
(-7.66044 6.42788 47)
(-8.66025 5 47)
(-9.39693 3.4202 47)
(-9.84808 1.73648 47)
(-10 -5.20661e-14 47)
(-9.84808 -1.73648 47)
(-9.39693 -3.4202 47)
(-8.66025 -5 47)
(-7.66044 -6.42788 47)
(-6.42788 -7.66044 47)
(-5 -8.66025 47)
(-3.4202 -9.39693 47)
(-1.73648 -9.84808 47)
(2.48084e-14 -10 47)
(1.73648 -9.84808 47)
(3.4202 -9.39693 47)
(5 -8.66025 47)
(6.42788 -7.66044 47)
(7.66044 -6.42788 47)
(8.66025 -5 47)
(9.39693 -3.4202 47)
(9.84808 -1.73648 47)
(10 -2.44929e-15 14.7)
(10 -2.44929e-15 16.4)
(10 -2.44929e-15 18.1)
(10 -2.44929e-15 19.8)
(10 -2.44929e-15 21.5)
(10 -2.44929e-15 23.2)
(10 -2.44929e-15 24.9)
(10 -2.44929e-15 26.6)
(10 -2.44929e-15 28.3)
(10 -2.44929e-15 30)
(10 -2.44929e-15 31.7)
(10 -2.44929e-15 33.4)
(10 -2.44929e-15 35.1)
(10 -2.44929e-15 36.8)
(10 -2.44929e-15 38.5)
(10 -2.44929e-15 40.2)
(10 -2.44929e-15 41.9)
(10 -2.44929e-15 43.6)
(10 -2.44929e-15 45.3)
(9.84808 1.73648 13)
(9.39693 3.4202 13)
(8.66025 5 13)
(7.66044 6.42788 13)
(6.42788 7.66044 13)
(5 8.66025 13)
(3.4202 9.39693 13)
(1.73648 9.84808 13)
(-3.04739e-14 10 13)
(-1.73648 9.84808 13)
(-3.4202 9.39693 13)
(-5 8.66025 13)
(-6.42788 7.66044 13)
(-7.66044 6.42788 13)
(-8.66025 5 13)
(-9.39693 3.4202 13)
(-9.84808 1.73648 13)
(-10 -5.20661e-14 13)
(-9.84808 -1.73648 13)
(-9.39693 -3.4202 13)
(-8.66025 -5 13)
(-7.66044 -6.42788 13)
(-6.42788 -7.66044 13)
(-5 -8.66025 13)
(-3.4202 -9.39693 13)
(-1.73648 -9.84808 13)
(2.48084e-14 -10 13)
(1.73648 -9.84808 13)
(3.4202 -9.39693 13)
(5 -8.66025 13)
(6.42788 -7.66044 13)
(7.66044 -6.42788 13)
(8.66025 -5 13)
(9.39693 -3.4202 13)
(9.84808 -1.73648 13)
(-5 -5 16.7647)
(-5 -5 18.5294)
(-5 -5 20.2941)
(-5 -5 22.0588)
(-5 -5 23.8235)
(-5 -5 25.5882)
(-5 -5 27.3529)
(-5 -5 29.1176)
(-5 -5 30.8824)
(-5 -5 32.6471)
(-5 -5 34.4118)
(-5 -5 36.1765)
(-5 -5 37.9412)
(-5 -5 39.7059)
(-5 -5 41.4706)
(-5 -5 43.2353)
(-5 -3.33333 45)
(-5 -1.66667 45)
(-5 -1.42109e-14 45)
(-5 1.66667 45)
(-5 3.33333 45)
(-5 5 16.7647)
(-5 5 18.5294)
(-5 5 20.2941)
(-5 5 22.0588)
(-5 5 23.8235)
(-5 5 25.5882)
(-5 5 27.3529)
(-5 5 29.1176)
(-5 5 30.8824)
(-5 5 32.6471)
(-5 5 34.4118)
(-5 5 36.1765)
(-5 5 37.9412)
(-5 5 39.7059)
(-5 5 41.4706)
(-5 5 43.2353)
(-5 -3.33333 15)
(-5 -1.66667 15)
(-5 -1.42109e-14 15)
(-5 1.66667 15)
(-5 3.33333 15)
(-3.33333 -5 15)
(-1.66667 -5 15)
(-1.42109e-14 -5 15)
(1.66667 -5 15)
(3.33333 -5 15)
(5 -5 16.7647)
(5 -5 18.5294)
(5 -5 20.2941)
(5 -5 22.0588)
(5 -5 23.8235)
(5 -5 25.5882)
(5 -5 27.3529)
(5 -5 29.1176)
(5 -5 30.8824)
(5 -5 32.6471)
(5 -5 34.4118)
(5 -5 36.1765)
(5 -5 37.9412)
(5 -5 39.7059)
(5 -5 41.4706)
(5 -5 43.2353)
(-3.33333 -5 45)
(-1.66667 -5 45)
(-1.42109e-14 -5 45)
(1.66667 -5 45)
(3.33333 -5 45)
(-3.33333 5 45)
(-1.66667 5 45)
(-1.42109e-14 5 45)
(1.66667 5 45)
(3.33333 5 45)
(5 -3.33333 45)
(5 -1.66667 45)
(5 -1.42109e-14 45)
(5 1.66667 45)
(5 3.33333 45)
(-3.33333 5 15)
(-1.66667 5 15)
(-1.42109e-14 5 15)
(1.66667 5 15)
(3.33333 5 15)
(5 5 16.7647)
(5 5 18.5294)
(5 5 20.2941)
(5 5 22.0588)
(5 5 23.8235)
(5 5 25.5882)
(5 5 27.3529)
(5 5 29.1176)
(5 5 30.8824)
(5 5 32.6471)
(5 5 34.4118)
(5 5 36.1765)
(5 5 37.9412)
(5 5 39.7059)
(5 5 41.4706)
(5 5 43.2353)
(5 -3.33333 15)
(5 -1.66667 15)
(5 -1.42109e-14 15)
(5 1.66667 15)
(5 3.33333 15)
(-5.73574 -8.19154 14.5091)
(-9.96195 0.871557 45.4909)
(-2.58819 9.65926 45.4909)
(-7.07081 7.07133 14.5092)
(9.89162 -1.46825 30.85)
(9.89163 1.46825 29.15)
(-2.58815 -9.65927 45.4909)
(-8.19136 -5.73599 45.4906)
(-9.65926 -2.5882 14.5089)
(0.898699 -9.95954 14.4922)
(-0.871557 9.96195 14.5091)
(9.89162 1.46825 35.95)
(4.22779 -9.06233 45.4919)
(9.89162 -1.46825 24.05)
(9.89163 -1.46825 35.95)
(9.88347 1.52218 24.0295)
(4.22618 9.06308 45.4909)
(5.73919 -8.18912 14.5081)
(5.73576 8.19152 14.5091)
(-7.06758 7.07455 45.5061)
(-9.65926 2.58819 14.5091)
(9.89163 1.46825 41.05)
(9.89163 -1.46825 41.05)
(9.89162 -1.46825 18.95)
(9.89162 1.46825 18.95)
(8.07625 -5.89697 45.5293)
(8.313 5.55825 45.5374)
(9.92721 -1.2044 27.4146)
(9.81139 1.93302 32.5151)
(8.19074 -5.73688 14.5072)
(8.18751 5.74149 14.5109)
(-4.2263 9.06302 14.5088)
(2.54526 9.67066 14.4973)
(-2.58819 -9.65926 14.5091)
(-5.73522 -8.1919 45.4901)
(-8.19151 -5.73577 14.5091)
(0.871557 -9.96195 45.4909)
(-9.06308 4.22618 45.4909)
(-9.65926 -2.58819 45.4909)
(0.866601 9.96238 45.5067)
(9.65926 2.58819 14.5091)
(9.65926 2.58819 45.4909)
(9.62085 -2.7275 45.5744)
(9.62097 -2.72709 14.4929)
(9.03679 -4.28212 14.5009)
(8.66021 -5.00008 16.0094)
(7.66779 -6.41911 16.0116)
(8.1959 -5.7295 17.5062)
(7.0873 -7.05479 17.5097)
(7.67222 -6.41382 19.0026)
(6.45525 -7.63739 19.0066)
(7.09203 -7.05005 20.4981)
(5.77469 -8.16413 20.502)
(6.45986 -7.63349 21.9926)
(5.05397 -8.62887 21.9983)
(5.78015 -8.16026 23.4891)
(4.29175 -9.03221 23.4932)
(5.05788 -8.62658 24.9854)
(3.49931 -9.36775 24.9898)
(4.29754 -9.02946 26.4827)
(2.67852 -9.6346 26.487)
(3.50814 -9.36445 27.9845)
(1.83977 -9.82931 27.9865)
(2.68565 -9.63261 29.4809)
(0.984746 -9.9514 29.4854)
(0.115953 -9.99933 27.9889)
(-0.747888 -9.97199 29.4898)
(-1.6123 -9.86917 27.9917)
(-2.45869 -9.69303 29.4942)
(-3.29304 -9.44224 27.9942)
(-4.09794 -9.12178 29.4985)
(-4.87684 -8.7302 27.9971)
(-5.61391 -8.2755 29.5025)
(-6.31412 -7.75448 28.0002)
(-6.9622 -7.17829 29.5065)
(-7.5618 -6.54364 28.0034)
(-8.10023 -5.86399 29.5106)
(-8.58114 -5.13459 28.0066)
(-8.99398 -4.37131 29.5145)
(-9.34104 -3.57002 28.0106)
(-9.61558 -2.74604 29.5183)
(-9.8185 -1.89661 28.0143)
(-9.94609 -1.03695 29.5222)
(-9.99865 -0.164479 28.0178)
(-9.97518 0.704056 29.5259)
(-9.87552 1.57295 28.0214)
(-9.70177 2.42397 29.5297)
(-9.45251 3.26344 28.025)
(-9.13405 4.07052 29.5334)
(-8.74274 4.85433 28.0286)
(-8.28925 5.59359 29.537)
(-7.76845 6.29692 28.0315)
(-7.19315 6.94684 29.5405)
(-6.55857 7.54886 28.0346)
(-5.8791 8.08926 29.544)
(-5.15023 8.57176 28.0387)
(-4.38783 8.98593 29.5466)
(-3.58698 9.33454 28.043)
(-2.7654 9.61002 29.5491)
(-5.15495 8.56893 31.0491)
(-1.91824 9.81429 28.0478)
(1.84582 -9.82817 30.9816)
(-4.87143 -8.73322 31.0043)
(-9.33897 -3.57541 31.0232)
(-9.45482 3.25673 31.0391)
(-1.06297 9.94334 29.5512)
(-0.194626 9.99811 28.0526)
(0.670746 9.97748 29.5538)
(-0.199191 9.99802 31.051)
(1.53359 9.88171 28.0568)
(0.677575 9.97702 26.5572)
(-8.28387 5.60156 26.5235)
(-9.97503 0.706284 26.5297)
(-4.09993 -9.12088 26.4944)
(-8.99571 -4.36775 26.5029)
(1.52809 9.88256 31.0521)
(0.665476 9.97783 32.5504)
(-4.38126 8.98914 26.537)
(2.37437 9.71403 32.5531)
(1.52418 9.88316 34.0487)
(2.38507 9.71141 26.5622)
(3.51219 -9.36293 30.9779)
(2.69285 -9.63061 32.4781)
(3.20361 9.47296 34.0516)
(1.54215 9.88037 25.0626)
(3.21966 9.46751 25.0669)
(4.01226 9.15979 32.5566)
(2.37101 9.71485 35.5468)
(0.663934 9.97794 35.549)
(4.00833 9.16151 35.5495)
(4.31153 -9.02279 32.4728)
(3.51929 -9.36027 33.9718)
(2.67766 -9.63484 23.4965)
(1.85346 -9.82673 33.9783)
(2.70143 -9.6282 35.4749)
(0.998392 -9.95004 35.4805)
(4.3192 -9.01912 35.4665)
(2.3934 9.70936 23.5682)
(4.02837 9.15272 23.5738)
(4.79947 8.77297 25.0705)
(5.54189 8.32391 23.5794)
(1.86084 -9.82534 36.9776)
(0.135814 -9.99908 36.9837)
(3.20371 9.47292 37.0444)
(4.78391 8.78147 37.0458)
(6.2359 7.81752 25.074)
(0.683359 9.97662 23.5631)
(5.78658 -8.1557 26.4781)
(4.80851 8.76802 22.0827)
(6.24324 7.81165 22.0886)
(5.52351 8.33611 35.5532)
(6.2223 7.82834 37.0498)
(4.29543 -9.03047 20.4947)
(5.52393 8.33584 38.5392)
(6.86181 7.27431 35.5486)
(6.87241 7.26429 38.5417)
(1.00759 -9.94911 38.4833)
(-0.728172 -9.97345 38.4889)
(-1.59571 -9.87186 36.9883)
(-2.44258 -9.6971 38.4943)
(-3.27957 -9.44693 36.9927)
(-4.08477 -9.12768 38.4996)
(-4.86632 -8.73607 36.997)
(-5.60799 -8.27952 38.4904)
(-6.30661 -7.76059 37.0008)
(-6.95576 -7.18453 38.4897)
(-7.55629 -6.55 37.0049)
(-8.1023 -5.86112 38.4922)
(-8.57789 -5.14002 37.0089)
(-8.99451 -4.37022 38.4961)
(-9.33941 -3.57427 37.0133)
(-9.61371 -2.75255 38.5248)
(-9.81766 -1.90096 37.0195)
(-9.94548 -1.04278 38.5296)
(-9.99858 -0.168619 37.0241)
(-9.97556 0.698773 38.5345)
(-9.87614 1.56903 37.0288)
(-9.70295 2.41926 38.5392)
(-9.45401 3.25908 37.0335)
(-9.1359 4.06636 38.544)
(-8.74507 4.85013 37.0383)
(-8.29171 5.58994 38.5486)
(-7.77087 6.29393 37.0431)
(-7.19613 6.94375 38.5533)
(-6.5611 7.54665 37.0483)
(-5.88251 8.08679 38.5579)
(2.71259 -9.62506 38.4777)
(1.54834 9.8794 22.0685)
(-0.179216 9.99839 22.0622)
(-6.96632 -7.17428 26.4972)
(7.09509 -7.04696 23.4834)
(5.53668 8.32738 26.563)
(6.88151 7.25568 26.5671)
(0.692306 9.97601 20.5641)
(-1.04183 9.94558 20.5587)
(6.21883 7.83111 40.0336)
(4.79238 8.77685 40.0388)
(-5.15362 8.56972 37.0548)
(-4.39139 8.98419 38.5625)
(-5.15973 8.56605 40.0668)
(-3.59671 9.33079 40.071)
(5.55294 8.31654 20.5908)
(6.89747 7.2405 20.599)
(7.49052 6.62511 22.0934)
(-7.55764 -6.54845 31.0124)
(-7.77264 6.29174 31.0462)
(-9.99855 -0.170247 31.0315)
(7.47188 6.64613 40.036)
(8.19389 -5.73238 20.5315)
(1.87192 -9.82323 39.9826)
(3.54193 -9.35172 39.977)
(5.07135 -8.61867 30.9747)
(5.79903 -8.14686 32.4669)
(6.47675 -7.61917 30.9722)
(7.11112 -7.03079 32.4608)
(7.68701 -6.39609 30.9697)
(8.21179 -5.70671 32.4553)
(7.69311 -6.38874 33.9448)
(6.23063 7.82171 28.0536)
(7.47815 6.63908 28.0571)
(-1.58733 -9.87322 39.9944)
(-4.72363 -8.81404 39.9732)
(0.128926 -9.99917 33.9824)
(-7.61329 -6.48366 39.9167)
(-9.38116 -3.46322 40.0288)
(-1.90484 9.8169 22.0583)
(-2.74498 9.61588 20.5533)
(-9.99844 -0.176698 40.04)
(-9.45669 3.25132 40.0498)
(-3.57342 9.33974 22.0545)
(-4.36853 8.99533 20.5492)
(-5.13741 8.57945 22.0509)
(-5.86156 8.10198 20.5449)
(-6.54674 7.55912 22.0471)
(-7.17708 6.96345 20.5401)
(-7.77582 6.28782 40.0583)
(6.8776 7.25938 29.5427)
(-7.75831 6.3094 22.0431)
(-8.27596 5.61324 20.5359)
(-8.7351 4.86805 22.0389)
(-9.12451 4.09186 20.5315)
(-9.44722 3.27872 22.0346)
(-9.69593 2.44725 20.5255)
(-9.87282 1.58978 22.0303)
(-9.97347 0.727916 20.5221)
(-9.99891 -0.147439 22.0259)
(-9.94841 -1.01449 20.5182)
(-9.82164 -1.88026 22.0215)
(-9.62156 -2.72499 20.5141)
(-9.34638 -3.55599 22.0169)
(-9.00256 -4.35362 20.5099)
(-8.58768 -5.12365 22.0123)
(-8.11108 -5.84896 20.5057)
(-7.56868 -6.53568 22.0077)
(-6.97325 -7.16755 20.5015)
(-6.32052 -7.74926 22.0031)
(-5.62531 -8.26777 20.4973)
(-4.88129 -8.72771 21.9983)
(-4.10716 -9.11763 20.4913)
(-3.29564 -9.44133 21.9931)
(-2.4664 -9.69107 20.4866)
(8.01668 5.97769 38.5449)
(-0.752784 -9.97163 26.489)
(8.02141 5.97135 26.5646)
(-8.72655 4.88336 19.0591)
(-9.99918 -0.128175 19.0501)
(-1.06619 9.943 32.5495)
(8.01735 5.9768 29.547)
(8.03723 5.95004 20.6047)
(7.49939 6.61507 19.1137)
(6.87015 7.26643 41.5263)
(8.01647 5.97797 41.5282)
(-1.8956 9.81869 19.0525)
(7.47307 6.64479 31.03)
(-5.11785 8.59113 19.0669)
(-9.35293 -3.53876 19.0449)
(-7.58 -6.52254 19.0394)
(-4.88792 -8.724 18.9855)
(-2.76782 9.60933 38.5673)
(-1.92582 9.81281 40.075)
(-5.61037 -8.27791 35.4935)
(-7.19134 6.94872 35.5428)
(-8.09971 -5.8647 35.5012)
(-9.13255 4.07389 35.5284)
(-9.61567 -2.74569 35.5102)
(-9.97511 0.705057 35.5194)
(-4.39787 8.98102 41.5758)
(-1.61076 -9.86942 21.9881)
(-0.752206 -9.97167 20.482)
(-1.61875 -9.86811 18.9805)
(0.113066 -9.99936 18.9786)
(8.514 5.24518 22.0986)
(2.72577 -9.62134 41.4691)
(4.34506 -9.00669 41.4682)
(5.10415 -8.59928 39.9711)
(5.83095 -8.12404 41.4529)
(6.51296 -7.58824 39.9663)
(7.14901 -6.99226 41.4427)
(7.72327 -6.35225 39.9617)
(8.24237 -5.66246 41.4312)
(7.13974 -7.00173 38.4605)
(8.2354 -5.67258 38.4569)
(8.49878 5.2698 31.0341)
(8.67249 -4.97875 33.9398)
(8.52243 5.23147 19.1205)
(6.46804 -7.62656 42.88)
(8.66759 -4.98728 30.966)
(8.20674 -5.71396 29.4834)
(8.01367 5.98173 32.5168)
(5.53301 8.32981 29.5401)
(-1.06102 9.94355 38.5721)
(-0.197922 9.99804 40.0794)
(-1.07392 9.94217 41.5665)
(0.674362 9.97724 41.5638)
(5.7671 -8.16949 17.5137)
(-1.60582 -9.87023 30.9931)
(-2.45841 -9.6931 23.494)
(6.21459 7.83447 34.0563)
(-5.61867 -8.27227 23.5056)
(-2.75214 9.61383 23.5583)
(-8.10664 -5.85511 23.5172)
(-9.61954 -2.7321 23.5263)
(-5.86665 8.0983 23.5555)
(-9.69752 2.44094 23.5396)
(-2.44923 -9.69542 35.4879)
(-1.91963 9.81402 37.0652)
(-5.88853 8.0824 41.5715)
(-5.14235 8.5765 43.0608)
(2.40071 9.70755 20.573)
(1.55885 9.87775 19.0664)
(3.24101 9.46022 19.0721)
(1.01493 -9.94836 41.4833)
(9.06219 -4.22809 29.4809)
(8.66613 -4.98981 27.9996)
(-0.751507 -9.97172 23.4956)
(0.977906 -9.95207 20.4811)
(1.83542 -9.83012 18.9784)
(1.53562 9.88139 40.0837)
(2.35566 9.71858 41.5399)
(-0.779721 -9.96956 17.491)
(-2.47328 -9.68932 17.4781)
(8.89963 4.56033 32.5083)
(8.49561 5.2749 34.0016)
(8.90701 4.5459 29.5606)
(9.0592 -4.23448 17.5066)
(8.04388 5.94105 17.6258)
(8.94348 4.47373 17.634)
(6.90557 7.23278 17.6175)
(9.1982 3.92341 33.9858)
(8.8947 4.56993 35.4818)
(8.21723 -5.69887 35.4273)
(7.12459 -7.01714 35.4418)
(2.41409 9.70424 17.5682)
(0.708521 9.97487 17.5733)
(4.04214 9.14664 17.5768)
(5.79377 -8.1506 29.4812)
(8.02881 5.96139 23.5858)
(8.91883 4.52267 23.5782)
(9.28576 3.71143 22.1052)
(7.68582 -6.39751 28.0009)
(8.20611 -5.71487 26.516)
(9.03923 -4.27696 26.5263)
(8.66518 -4.99145 25.0314)
(3.21327 9.46968 28.0543)
(9.04329 -4.26835 35.411)
(9.39579 -3.42332 33.9349)
(-8.27993 5.60738 23.5484)
(7.46394 6.65504 43.0077)
(6.21373 7.83515 43.0205)
(8.47826 5.30275 42.9977)
(8.91071 4.53864 41.5388)
(9.1539 4.02569 43.0433)
(-3.74584 9.27193 43.0518)
(1.78122 -9.84008 42.9652)
(0.152629 -9.99884 42.9955)
(-0.0823023 9.99966 42.9781)
(-6.47141 7.6237 43.073)
(6.69863 7.42484 44.4917)
(9.2932 3.69276 19.1274)
(-4.2629 9.04586 44.5537)
(9.38986 -3.43955 25.0303)
(9.06042 -4.23188 23.549)
(9.57786 2.87484 17.643)
(9.65089 2.61921 20.5373)
(9.39245 -3.43249 30.9613)
(9.29847 3.67947 16.1494)
(7.50683 6.60663 16.127)
(9.60836 -2.77118 29.4683)
(9.6445 -2.64266 32.4262)
(1.6079 9.86989 16.0764)
(7.68527 -6.39817 25.0314)
(6.87379 7.26299 32.5137)
(8.67853 -4.96821 36.9098)
(9.39936 -3.41351 36.9031)
(9.75231 2.21189 16.2334)
(8.51059 5.25071 25.0687)
(9.19551 3.92971 25.0455)
(-1.62505 -9.86708 15.9709)
(9.05696 4.23927 14.5131)
(5.50918 8.34559 44.5188)
(4.76741 8.79044 43.0167)
(9.38978 -3.43977 16.0105)
(9.62794 -2.70238 17.4971)
(9.38923 -3.44128 18.9939)
(9.64321 -2.64736 20.5486)
(9.10751 -4.12957 20.5718)
(9.3626 -3.51307 22.0394)
(9.84516 -1.75294 16.012)
(-0.21116 9.99777 37.0547)
(7.07361 -7.06853 14.5072)
(9.05868 -4.23561 32.4465)
(9.84963 -1.72763 34.0034)
(8.69887 -4.93251 39.953)
(9.06004 -4.23268 41.452)
(8.80042 -4.74897 42.8986)
(9.40093 -3.40917 42.8477)
(9.4155 -3.36874 39.9465)
(9.15623 -4.02039 44.2506)
(8.50297 5.26303 40.0386)
(8.92169 4.51702 38.5464)
(8.49995 5.2679 37.0529)
(9.19404 3.93315 37.0337)
(9.56267 2.92496 38.5465)
(7.47055 6.64762 37.0483)
(8.50248 5.26383 28.0643)
(9.20118 3.91641 28.091)
(8.96765 4.42507 20.5796)
(9.79958 1.99206 22.2394)
(4.81284 8.76565 19.0876)
(7.67452 -6.41106 21.9891)
(8.65296 -5.01262 21.9905)
(7.06256 7.07956 14.5114)
(9.19623 3.92802 40.065)
(6.46527 -7.62891 24.9781)
(9.32385 -3.61466 28.0169)
(5.07963 -8.61379 33.9638)
(0.672492 9.97736 38.5761)
(2.38028 9.71258 38.577)
(2.37757 9.71325 29.5555)
(3.20643 9.472 31.0553)
(4.79054 8.77786 31.0625)
(8.92737 4.50578 26.5529)
(9.56481 2.91795 26.5575)
(0.118411 -9.9993 21.9837)
(1.83914 -9.82942 21.9828)
(9.20763 3.90123 31.0538)
(3.22694 9.46503 22.0754)
(4.78102 8.78304 34.0542)
(8.66255 -4.99601 19.005)
(3.52873 -9.35671 36.9716)
(5.09866 -8.60254 36.969)
(4.33546 -9.01132 38.4738)
(4.02155 9.15572 26.5626)
(6.88829 7.24923 23.5849)
(7.48317 6.63341 25.0722)
(9.06504 4.22197 45.4936)
(-2.78321 9.60488 41.5596)
(8.19149 -5.73581 23.4827)
(6.25622 7.80127 16.1186)
(4.81653 8.76362 15.9739)
(4.30476 -9.02602 29.4806)
(5.06529 -8.62223 27.9911)
(4.01253 9.15967 29.5493)
(-6.56715 7.54139 40.0621)
(9.86868 -1.61526 25.7141)
(9.89163 1.46825 27.45)
(9.88893 1.48631 30.7751)
(5.8266 -8.12716 38.462)
(6.49889 -7.6003 36.9596)
(9.89165 -1.46808 22.3503)
(9.89162 -1.46825 37.65)
(-7.19904 6.94074 41.5557)
(-8.29286 5.58825 41.5446)
(-8.74898 4.84307 40.0544)
(9.89165 1.46808 37.6497)
(9.89163 1.46825 34.25)
(-0.735659 -9.9729 35.4859)
(-3.30223 -9.43903 18.9846)
(0.144635 -9.99895 39.9883)
(-1.92246 9.81347 31.0489)
(-2.76747 9.60943 32.5495)
(-1.92384 9.8132 34.0498)
(-3.59087 9.33304 34.0507)
(-2.76769 9.60937 35.5531)
(-3.59107 9.33296 37.06)
(7.10793 -7.03401 29.4854)
(-0.169864 9.99856 19.0607)
(0.992286 -9.95065 32.4826)
(0.123051 -9.99924 30.9856)
(7.10966 -7.03227 26.518)
(-3.59134 9.33286 31.0484)
(6.48426 -7.61278 33.9546)
(9.8621 -1.655 39.3776)
(9.83816 -1.7918 42.7688)
(9.89165 1.46808 42.7497)
(9.04561 -4.26344 38.4703)
(-4.38794 8.98588 35.5527)
(-5.15124 8.57116 34.0504)
(4.79324 8.77638 28.0538)
(6.22658 7.82494 31.0262)
(-0.202518 9.99795 34.0492)
(-4.38687 8.9864 32.5503)
(7.07107 -7.07107 45.4909)
(7.50343 -6.61049 44.1833)
(5.7396 -8.18884 45.5049)
(5.00158 -8.65934 43.9857)
(3.51613 -9.36145 44.0073)
(2.59102 -9.6585 45.5038)
(1.83583 -9.83004 24.9933)
(0.977948 -9.95207 26.4885)
(0.114214 -9.99935 24.9922)
(-0.725388 -9.97366 41.4796)
(-2.28889 -9.73453 41.4662)
(-3.19996 -9.47419 39.975)
(2.58882 9.65909 45.4976)
(1.73648 9.84808 43.9846)
(3.28781 9.44406 44.0532)
(5.04619 -8.63342 19.0109)
(4.27399 -9.04063 17.5176)
(-0.185166 9.99829 25.0577)
(-1.05445 9.94425 26.5517)
(-1.04838 9.94489 23.5584)
(6.4469 -7.64444 16.0159)
(4.23135 -9.06067 14.5096)
(2.59625 -9.65709 14.5068)
(1.78024 -9.84026 16.0072)
(3.46249 -9.38143 16.0141)
(-2.5888 9.65909 14.5087)
(-3.4241 9.39551 16.0134)
(-4.99812 8.66134 16.017)
(-4.26088 9.04682 17.5028)
(-5.73542 8.19176 14.509)
(-6.42577 7.66221 16.0171)
(-7.65855 6.43013 16.0194)
(-7.09347 7.0486 17.5153)
(-8.19612 5.72919 17.5071)
(-8.65845 5.00313 16.0219)
(-8.19119 5.73624 14.5093)
(-1.80192 9.83632 16.0311)
(-4.09782 -9.12183 23.5)
(-3.28956 -9.44345 24.9942)
(5.52066 8.33801 32.5562)
(-0.737516 -9.97277 32.489)
(-2.44937 -9.69539 32.4981)
(-3.288 -9.444 30.9995)
(-4.09149 -9.12467 32.5044)
(-5.60848 -8.27919 32.5041)
(-6.30909 -7.75857 31.0076)
(5.52011 8.33837 41.5244)
(-1.61164 -9.86928 24.9931)
(-6.9687 -7.17197 23.5104)
(5.80993 -8.13908 35.4574)
(-0.871237 9.96197 45.5127)
(-1.55651 9.87812 44.1456)
(-9.13935 4.05861 41.5525)
(-9.70491 2.41135 41.5536)
(-9.45767 3.24845 43.0519)
(-9.87873 1.55265 43.0626)
(-9.68553 2.48806 44.5475)
(-9.87744 1.56085 40.045)
(-9.97422 0.717574 41.5298)
(-9.95995 -0.894062 41.5487)
(-9.83269 -1.82157 40.0179)
(-8.99965 -4.35961 23.5217)
(-0.867338 -9.96232 45.5047)
(-1.73648 -9.84808 43.9822)
(-3.43979 -9.38977 43.9982)
(-4.22684 -9.06277 45.4916)
(-5.00633 -8.6566 43.9864)
(-6.42929 -7.65926 43.9827)
(-5.75241 -8.17984 42.4896)
(-7.06872 -7.07342 42.4722)
(-6.61237 -7.50177 41.1808)
(-7.65978 -6.42867 43.9815)
(-8.18673 -5.74259 42.4863)
(-7.07085 -7.07129 45.4904)
(-8.65885 -5.00243 43.9811)
(-9.0635 -4.22527 42.4919)
(-8.65243 -5.01353 41.0137)
(-9.39565 -3.4237 43.9816)
(-9.65794 -2.59311 42.4707)
(-9.06307 -4.2262 45.4909)
(-9.84819 -1.73585 43.9948)
(-9.96195 -0.871557 45.4909)
(-10 -0.00508785 43.9779)
(-6.56311 7.5449 31.0478)
(-7.19524 6.94468 32.5521)
(-8.29075 5.59138 32.5501)
(-8.74626 4.84798 31.0427)
(-5.87937 8.08906 32.5508)
(-4.22617 -9.06308 14.509)
(-4.99324 -8.66415 16.0205)
(-6.42581 -7.66218 16.017)
(-5.67437 -8.23416 17.5121)
(-7.07094 -7.0712 14.5091)
(-3.39986 -9.4043 16.0079)
(-7.66044 -6.42788 16.0181)
(-8.66044 -4.99967 16.0162)
(-8.18458 -5.74567 17.4821)
(-9.06308 -4.22618 14.5089)
(-4.44123 -8.95966 42.5042)
(-8.82758 4.69829 43.0339)
(-9.13509 4.06819 32.5473)
(-9.70266 2.42042 32.5437)
(-9.87644 1.56716 31.0353)
(-9.97559 0.698296 32.5404)
(-9.94538 -1.04372 32.5375)
(-9.81747 -1.90192 31.0265)
(-5.87556 8.09184 35.5517)
(6.47319 -7.6222 27.9953)
(-5.87356 8.09328 26.5321)
(-7.18783 6.95235 26.5276)
(-9.39684 -3.42044 16.0154)
(-9.84813 -1.73621 16.015)
(-9.65616 -2.59972 17.4852)
(-9.96195 -0.871557 14.5086)
(-10 -0.000164204 16.015)
(-9.96195 0.871528 14.5088)
(-9.8482 1.73578 16.0174)
(-9.96085 0.884051 17.5082)
(-9.66696 2.55929 17.5039)
(-9.39748 3.41867 16.0195)
(-9.06294 4.22648 14.5095)
(-8.28776 5.5958 35.5355)
(-9.7014 2.42544 35.5248)
(-9.97403 0.720208 23.5359)
(-9.9476 -1.02241 23.5305)
(-9.81969 -1.89042 25.0247)
(-2.75698 9.61244 26.5444)
(-4.09049 -9.12512 35.4911)
(-8.99393 -4.37141 35.5055)
(-8.58053 -5.13561 33.9971)
(-7.56017 -6.54552 33.9993)
(-6.96039 -7.18004 35.498)
(-9.33931 -3.57452 34.0032)
(-9.94596 -1.0382 35.5155)
(-9.12702 4.08627 23.5433)
(-9.44762 3.27756 25.0356)
(-8.17889 5.75377 45.5141)
(-7.47895 6.63817 44.2087)
(-5.73576 8.19152 45.4909)
(-2.46007 -9.69268 26.4941)
(-7.18179 6.95858 23.5518)
(-8.1033 -5.85973 26.5008)
(-8.57777 -5.14022 31.0186)
(-4.37502 8.99217 23.5561)
(-5.61764 -8.27298 26.4959)
(6.25221 7.80448 19.1013)
(-1.90935 9.81603 25.0543)
(7.46988 6.64838 34.0006)
(-1.59575 -9.87186 33.9891)
(5.02827 -8.64387 16.0147)
(9.89177 1.46725 39.35)
(8.01174 5.98432 35.4836)
(4.03758 9.14866 20.5818)
(-6.31078 -7.7572 34.0006)
(9.89216 1.46466 25.75)
(8.52876 5.22114 16.138)
(-4.87683 -8.73021 24.9988)
(-1.06657 9.94296 35.5514)
(-6.9581 -7.18226 32.5031)
(-3.28077 -9.44651 33.9934)
(-6.31621 -7.75277 25.002)
(-3.5783 9.33787 25.05)
(-7.56373 -6.5414 25.005)
(-4.86591 -8.7363 33.9974)
(-6.55844 7.54897 34.0503)
(-8.5837 -5.13031 25.0092)
(0.97829 -9.95203 23.4952)
(3.25108 9.45677 16.0849)
(-9.34373 -3.56298 25.0137)
(-9.61697 -2.74116 26.5154)
(1.52323 9.88331 37.0509)
(-5.1426 8.57635 25.0442)
(3.50316 -9.36632 21.9913)
(-9.87264 1.59088 25.0359)
(0.843797 9.96434 14.5081)
(4.01706 9.15769 38.5411)
(4.01567 9.1583 41.5216)
(-9.94672 -1.0309 26.5279)
(-9.99885 -0.151416 25.0305)
(-6.55165 7.55486 25.0401)
(2.67567 -9.63539 20.4879)
(-7.76807 6.29739 34.0477)
(-8.09756 -5.86767 32.5044)
(-7.76249 6.30426 25.0357)
(-9.69849 2.43709 26.5296)
(-9.12987 4.07988 26.5273)
(-8.99131 -4.37679 32.5059)
(-8.73841 4.86211 25.0313)
(5.56935 8.30556 17.6031)
(-8.74262 4.85455 34.0441)
(-9.61315 -2.7545 32.5117)
(-9.45383 3.2596 34.036)
(-9.81518 -1.91371 34.0161)
(7.70731 -6.3716 36.9099)
(-0.979322 9.95193 17.5621)
(-9.87711 1.5629 34.0283)
(-9.99843 -0.177341 34.0226)
(3.50207 -9.36672 18.9976)
(-3.55698 9.34601 19.0556)
(3.22205 9.4667 40.0586)
(-5.76769 8.16907 17.5136)
(-6.53705 7.5675 19.0719)
(-9.07313 4.20456 17.5021)
(-7.74823 6.32178 19.0682)
(-9.44193 3.29393 19.0596)
(-9.87058 1.60364 19.0592)
(2.66908 -9.63722 17.5183)
(-9.96079 -0.884665 17.4889)
(0.967889 -9.95305 17.5036)
(-9.82538 -1.86063 19.0493)
(-0.871557 -9.96195 14.4539)
(-9.05222 -4.24938 17.4905)
(-8.59748 -5.10718 19.0443)
(-7.04801 -7.09405 17.5007)
(-4.15545 -9.09572 17.5083)
(-6.3558 -7.72035 19.0222)
(0.0591576 -9.99983 15.9963)
(9.53898 3.0013 35.4547)
(9.53906 3.00107 29.6009)
(9.5438 2.98594 41.5757)
(-2.66103 9.63944 17.4801)
(9.54502 2.98204 23.5459)
(-0.089127 9.9996 16.0993)
(9.8977 1.42669 44.3769)
(9.89773 -1.42651 44.3771)
(4.21011 9.07056 14.4141)
(9.46362 3.23109 32.4963)
(9.61154 -2.76014 26.6)
(9.55572 -2.94758 38.4904)
(9.54784 -2.97299 35.315)
(9.54789 -2.97284 23.474)
(9.90951 1.34227 17.4699)
(9.92683 -1.20749 29.15)
(9.53931 -3.00025 41.5532)
(9.92594 -1.21475 17.3406)
(8.99339 -4.37251 45.6703)
(9.91403 1.30842 20.634)
(7.76943 -6.29571 42.7148)
(6.42806 -7.66029 44.3764)
(9.29324 3.69265 44.3904)
(5.11323 -8.59389 42.5822)
(8.71061 4.91175 44.3739)
(9.94038 -1.09035 20.65)
(3.55018 -9.3486 42.5834)
(1.73764 -9.84787 44.3892)
(7.07107 7.07107 45.8977)
(5.73576 8.19152 45.8984)
(3.36902e-14 -10 44.3918)
(-1.57747 -9.8748 42.5927)
(-4.11183 -9.11553 41.19)
(-6.28434 -7.77863 39.7978)
(9.94384 -1.0583 32.55)
(9.91085 1.33227 14.9887)
(-7.65746 -6.43143 41.3957)
(-8.57369 -5.14702 39.5898)
(-9.39512 -3.42515 41.4013)
(3.07407 9.51578 42.6556)
(7.90605 6.12327 44.2087)
(-9.96133 -0.878611 42.9137)
(8.43167 -5.37652 44.213)
(-9.65926 2.58819 45.937)
(-9.14178 4.05313 44.1299)
(-7.81834 6.23487 42.7947)
(-6.45079 7.64116 44.3948)
(9.91745 -1.28228 45.7216)
(9.61687 -2.7415 44.1337)
(-4.22618 9.06308 45.9464)
(9.91744 1.28231 45.7213)
(0.000138751 10 44.4396)
(1.52991 9.88228 42.6368)
(-1.93046 9.8119 42.7416)
(9.6476 2.63131 36.8399)
(9.68695 2.48252 28.3)
(9.89721 -1.43013 14.3226)
(9.69049 2.46867 24.9022)
(9.68938 2.47304 40.1994)
(-2.99225 -9.54183 42.7157)
(-5.39765 -8.41816 41.1814)
(-8.42975 5.37953 44.237)
(9.63019 2.69432 43.4589)
(-2.99481 9.54102 44.2393)
(9.62266 2.72111 33.7237)
(9.61581 2.7452 31.2599)
(-9.92726 1.20396 44.2283)
(-9.74563 -2.24112 41.2339)
(-9.99372 0.354318 42.7489)
(9.72897 -2.31239 28.3068)
(9.92463 1.22542 14.0106)
(-5.44256 8.38919 44.2737)
(-3.52463 -7.60525 47)
(3.52424 7.57029 47)
(-7.76972 3.63257 47)
(7.7841 -3.60778 47)
(2.2149 -8.23846 47)
(-7.8198 -3.753 47)
(-3.57212 7.66044 47)
(7.5335 3.69241 47)
(8.4202 -0.736672 47)
(-8.43997 -0.671587 47)
(-6.26793 -5.94843 47)
(5.97672 -5.97672 47)
(-0.515128 -8.61472 47)
(-5.97672 5.97672 47)
(0.887879 8.56799 47)
(6.07338 6.07539 47)
(8.43646 -2.3321 47)
(6.73299 -2.15936 47)
(6.60347 -0.293956 47)
(5.14655 -1.33712 47)
(4.99697 0.415831 47)
(3.5716 -0.594217 47)
(3.41195 1.13886 47)
(1.9922 0.129275 47)
(1.82979 1.86427 47)
(0.408914 0.854969 47)
(0.572243 -0.880512 47)
(-1.01196 -0.154361 47)
(-1.17531 1.58112 47)
(-0.848739 -1.88978 47)
(-2.59655 0.571963 47)
(0.73581 -2.6161 47)
(-0.685422 -3.62525 47)
(-2.26998 -2.89894 47)
(-2.75984 2.30741 47)
(-1.33852 3.31654 47)
(-4.18113 1.29828 47)
(3.24954 2.87321 47)
(0.899169 -4.35158 47)
(-2.92311 4.04286 47)
(-1.5018 5.05199 47)
(-4.01785 -0.437173 47)
(0.0827686 4.32567 47)
(2.30913 -3.33814 47)
(2.48503 -5.05035 47)
(-2.1067 -4.63439 47)
(-3.64815 -3.90401 47)
(5.18392 -3.04883 47)
(-5.57132 0.292071 47)
(-5.38876 -1.41247 47)
(0.949877 -5.98189 47)
(-0.138483 6.0612 47)
(1.49795 5.29269 47)
(6.25475 1.42325 47)
(-5.71401 1.95976 47)
(-7.24843 0.893247 47)
(-1.75912 6.79164 47)
(-3.51278 -5.75785 47)
(-2.0787 -6.43427 47)
(-3.10679 5.78383 47)
(-4.46227 4.83599 47)
(-0.595261 -5.3091 47)
(-4.34441 3.03373 47)
(-2.43327 -1.16349 47)
(-3.85456 -2.17262 47)
(-5.13668 -3.17758 47)
(0.245824 2.59032 47)
(1.66572 3.59243 47)
(2.15012 -1.60047 47)
(3.05558 4.57593 47)
(4.5747 3.82542 47)
(-6.06855 3.82824 47)
(4.79548 2.14046 47)
(3.71379 -2.31366 47)
(3.8409 -4.02579 47)
(4.25223 -5.81905 47)
(6.02827 3.01966 47)
(2.77719 5.9997 47)
(4.40464 5.68632 47)
(1.43595 7.03725 47)
(2.58058 -6.67045 47)
(0.756865 -7.60844 47)
(-2.23262 8.32225 47)
(-6.83706 -0.702425 47)
(7.6551 0.97668 47)
(-6.65024 -2.61871 47)
(-6.33481 -4.30167 47)
(3.89154 -7.56014 47)
(-4.46491 6.33857 47)
(5.29156 -4.60934 47)
(-4.98339 -5.03838 47)
(-7.22714 4.97308 47)
(7.04568 -4.95175 47)
(-4.95277 -6.77843 47)
(-8.16535 -2.1504 47)
(8.42647 2.23449 47)
(-8.33661 2.13354 47)
(-1.97082 -8.12108 47)
(5.08603 7.13054 47)
(7.15099 5.16249 47)
(2.20095 8.48411 47)
(-8.77462 0.818336 47)
(-0.631178 7.95988 47)
(-0.56292 -6.92128 47)
(5.82738 4.61677 47)
(-7.02746 2.48947 47)
(6.40765 -3.67541 47)
(0.822717 -8.88685 47)
(-7.34865 -5.0862 47)
(5.17358 -7.11135 47)
(7.18383 2.41966 47)
(-5.16352 7.3715 47)
(9.00177 0.804779 47)
(-3.57212 -7.66044 13)
(3.57212 7.66044 13)
(-7.73346 3.85544 13)
(7.78629 -3.62916 13)
(2.18763 -8.16436 13)
(-7.66044 -3.57212 13)
(-3.51772 7.70128 13)
(7.74783 3.7131 13)
(8.18547 -0.766998 13)
(-8.4202 -0.736672 13)
(-5.97064 -5.91872 13)
(6.04634 -5.8163 13)
(-0.727883 -8.54859 13)
(-6.2012 6.06461 13)
(0.756102 8.54356 13)
(5.97672 5.97672 13)
(0.693982 -8.7253 13)
(0.273679 -7.06548 13)
(1.98229 -6.30577 13)
(0.503739 -5.2935 13)
(2.09982 -4.55339 13)
(0.663176 -3.55944 13)
(2.23714 -2.81667 13)
(0.802853 -1.82785 13)
(2.37766 -1.08182 13)
(0.943257 -0.0918362 13)
(-0.631693 -0.838886 13)
(-0.491161 0.898134 13)
(1.08378 1.64521 13)
(-2.0661 0.15121 13)
(-0.350606 2.63559 13)
(-2.20667 -1.58619 13)
(1.22434 3.38258 13)
(2.6587 2.39214 13)
(-3.64105 -0.595824 13)
(-3.50049 1.14159 13)
(-0.210049 4.37301 13)
(-3.78161 -2.33327 13)
(3.81138 -2.07087 13)
(2.79928 4.12957 13)
(-1.78499 3.62602 13)
(3.95244 -0.335143 13)
(-2.34706 -3.31158 13)
(-5.07544 0.394598 13)
(4.23364 3.13914 13)
(-4.91631 2.09288 13)
(-1.09196 -5.91405 13)
(5.35322 -1.30443 13)
(5.43734 0.336701 13)
(-1.63105 5.33522 13)
(-3.17036 4.58068 13)
(-3.8439 -4.0665 13)
(-6.54483 1.33977 13)
(5.1608 -2.99009 13)
(3.47667 -5.39076 13)
(-0.112731 6.03969 13)
(-5.35655 -3.08028 13)
(-1.63973 7.11681 13)
(4.37423 4.87656 13)
(3.01845 5.84366 13)
(5.80862 3.88611 13)
(-6.66478 -0.277392 13)
(-5.21714 -1.32852 13)
(1.36489 5.12001 13)
(-1.92555 1.88859 13)
(-3.35994 2.87902 13)
(-4.7428 3.7401 13)
(2.51814 0.655044 13)
(4.07805 1.38944 13)
(5.73956 2.05173 13)
(7.54173 1.63211 13)
(-0.768569 -2.56785 13)
(1.52185 7.01141 13)
(3.65164 -3.77417 13)
(-6.95655 -1.8752 13)
(-0.903933 -4.28114 13)
(-2.46068 -4.98684 13)
(-4.05483 -5.88252 13)
(6.49764 -0.652032 13)
(6.78148 -2.20477 13)
(4.89961 -4.63188 13)
(-6.27567 -4.45752 13)
(-2.99848 6.18449 13)
(3.53598 -6.8594 13)
(-4.73529 5.35353 13)
(-6.20888 4.48152 13)
(4.42963 6.35865 13)
(-2.52154 -6.54892 13)
(-6.42775 2.96098 13)
(8.40552 -2.32428 13)
(7.29696 -4.95405 13)
(-5.00133 -7.14484 13)
(-8.45644 -2.26814 13)
(-2.24336 -8.31438 13)
(-8.30647 2.27942 13)
(-8.19779 0.733931 13)
(4.98176 -7.15405 13)
(-4.81343 6.93743 13)
(7.14074 5 13)
(-0.846418 8.56356 13)
(2.20135 8.49208 13)
(-2.23211 8.52533 13)
(8.55667 0.871228 13)
(6.33145 -3.89693 13)
(-0.0641864 7.45501 13)
(-5.01495 -4.85549 13)
(-1.26221 -7.27829 13)
(8.57534 2.32601 13)
(-7.35563 -5.15047 13)
(-7.29285 5.16589 13)
(6.88421 2.66888 13)
(4.73075 -5.92302 13)
(6.744 0.676201 13)
(5.16095 7.37296 13)
(3.83503 -8.18365 13)
(-5 3.46631 31.7597)
(-5 3.46156 37.0577)
(-5 3.47281 21.1752)
(-5 3.47053 26.4685)
(-5 3.44655 40.5608)
(-5 -3.47172 19.4118)
(-5 -3.47172 30)
(-5 -3.47172 33.5294)
(-5 -3.5162 38.8197)
(-5 -3.4714 23.0633)
(-5 -3.51245 26.4676)
(-5 0.848162 16.4155)
(-5 -0.894954 43.3437)
(-5 2.45493 43.74)
(-5 -2.47145 16.3057)
(-5 3.34908 17.5929)
(-5 -3.58559 42.2265)
(-5 3.45544 19.4025)
(-5 1.94816 20.2912)
(-5 1.94642 22.0532)
(-5 0.510234 21.1709)
(-5 0.517532 22.9301)
(-5 0.425917 19.4521)
(-5 1.95983 23.8157)
(-5 0.433632 24.6911)
(-5 -1.08344 20.2897)
(-5 -0.891503 18.716)
(-5 -1.0972 23.7039)
(-5 -1.02421 25.5503)
(-5 0.427338 26.4509)
(-5 -1.01726 27.3273)
(-5 0.423677 28.2163)
(-5 -1.01949 29.0939)
(-5 0.42112 29.9812)
(-5 -1.02422 30.8588)
(-5 0.416109 31.7459)
(-5 1.93215 29.1048)
(-5 -1.02861 32.6235)
(-5 0.408556 33.5106)
(-5 -1.03442 34.3883)
(-5 0.402679 35.2768)
(-5 -1.12808 36.1527)
(-5 0.382416 37.0417)
(-5 1.92498 34.4012)
(-5 -1.06098 37.9152)
(-5 0.382186 38.8006)
(-5 -1.04898 39.6713)
(-5 0.378278 40.5486)
(-5 -1.00038 41.4562)
(-5 -2.67961 37.0298)
(-5 -2.60183 24.6964)
(-5 -2.65242 28.2069)
(-5 -2.61919 40.5489)
(-5 -2.66453 31.7358)
(-5 1.89764 39.6824)
(-5 1.86343 41.3365)
(-5 0.45787 42.1841)
(-5 1.86451 18.657)
(-5 3.45132 38.8134)
(-5 1.91366 37.9279)
(-5 1.91704 36.1673)
(-5 3.4567 35.2898)
(-5 -3.55515 21.1968)
(-5 -1.94724 22.0588)
(-5 1.93635 27.3404)
(-5 1.93749 32.6355)
(-5 -2.40985 34.9827)
(-5 3.47325 24.7018)
(-5 3.47172 30)
(-5 3.46939 28.232)
(-5 1.93577 30.8687)
(-5 3.47538 22.9381)
(-5 1.95016 25.5781)
(-5 3.46864 33.5255)
(-5 -0.775768 16.3361)
(-5 3.36902 42.3576)
(-5 -3.44175 17.6422)
(-5 -2.5 43.6293)
(-5 2.45128 16.2587)
(-5 0.833333 43.7299)
(-5 0.215869 17.7582)
(-5 -2.24291 18.8414)
(-5 -2.46009 20.3597)
(-5 3.8102 43.8049)
(-5 -3.83465 16.1677)
(-5 -3.80404 43.7752)
(-5 -2.12873 42.3149)
(-5 3.81231 16.1878)
(-5 -0.599195 22.0479)
(-5 -3.98414 24.7059)
(-5 -2.12998 26.4447)
(-5 -3.99186 28.2353)
(-5 -3.99865 40.5882)
(-5 -2.13502 29.973)
(-5 -3.99876 31.7647)
(-5 -2.12183 33.452)
(-5 -3.76143 35.5315)
(-5 -2.14793 38.7925)
(-5 -4.00739 37.0588)
(-5 1.79571 42.6696)
(-5 -1.61994 17.5461)
(-5 1.70644 17.3193)
(-5 -2.25691 23.2819)
(-3.46978 -5 31.7701)
(-3.47285 -5 38.8247)
(-3.45595 -5 21.1782)
(-3.46799 -5 26.4751)
(3.47172 -5 35.2941)
(3.54715 -5 40.3926)
(3.47172 -5 19.4118)
(3.47172 -5 30)
(3.47172 -5 22.9412)
(-3.47172 -5 35.2941)
(3.47172 -5 26.4706)
(-0.848184 -5 43.5845)
(-0.833333 -5 16.4434)
(2.54154 -5 16.3854)
(2.47145 -5 43.6944)
(-3.34908 -5 42.4071)
(-3.34017 -5 17.5999)
(-3.45544 -5 40.5975)
(-1.94811 -5 39.7088)
(-1.94674 -5 37.9466)
(-0.424403 -5 38.8293)
(-0.421317 -5 37.0693)
(1.10144 -5 37.953)
(-0.409428 -5 40.5484)
(1.02083 -5 36.1918)
(-0.432011 -5 35.3077)
(1.00839 -5 34.4291)
(-0.434537 -5 33.5447)
(1.09319 -5 32.6655)
(-0.419218 -5 31.7807)
(1.02602 -5 30.9011)
(-0.425804 -5 30.0162)
(1.01591 -5 29.1366)
(-0.426823 -5 28.2516)
(-1.93851 -5 29.1309)
(1.01557 -5 27.372)
(-0.424927 -5 26.487)
(1.01791 -5 25.6073)
(-0.421996 -5 24.7224)
(1.02029 -5 23.8428)
(-0.417064 -5 22.9563)
(1.02144 -5 22.0795)
(-0.409942 -5 21.1954)
(-1.93354 -5 23.8315)
(1.02409 -5 20.3235)
(-0.385973 -5 19.4787)
(0.980541 -5 18.562)
(2.62865 -5 37.0769)
(2.64282 -5 31.7864)
(2.6514 -5 21.1995)
(2.64954 -5 28.2573)
(2.65563 -5 24.7279)
(2.4358 -5 39.0265)
(-1.92245 -5 20.3145)
(-1.85021 -5 18.6704)
(-1.86184 -5 41.3431)
(-3.42813 -5 19.4311)
(1.00856 -5 39.6689)
(1.11062 -5 41.097)
(-1.92585 -5 22.0672)
(-1.94352 -5 32.6596)
(-3.47255 -5 37.0615)
(2.38764 -5 33.8363)
(-1.93467 -5 25.6005)
(-1.93694 -5 27.366)
(-3.46652 -5 28.2428)
(-3.46615 -5 24.7088)
(-3.46358 -5 22.9447)
(-1.94335 -5 30.8938)
(-3.47101 -5 33.5345)
(-1.94757 -5 36.184)
(-1.95006 -5 34.4207)
(-3.46969 -5 30.0063)
(0.775676 -5 43.6641)
(0.896354 -5 16.719)
(3.48924 -5 42.2952)
(3.66636 -5 17.512)
(-2.45129 -5 43.7413)
(-2.44745 -5 16.2674)
(-0.421736 -5 17.8751)
(-0.181846 -5 42.2153)
(2.42136 -5 41.3558)
(3.85881 -5 43.845)
(3.79801 -5 16.2305)
(2.28257 -5 18.0061)
(3.765 -5 38.5337)
(-3.81231 -5 43.8122)
(-3.81138 -5 16.189)
(2.08206 -5 19.5006)
(3.97307 -5 37.0045)
(2.10344 -5 35.3656)
(3.74811 -5 33.2901)
(3.98646 -5 31.7647)
(3.99133 -5 21.1765)
(2.12963 -5 30.0209)
(3.99028 -5 28.2353)
(2.13238 -5 26.4917)
(3.99376 -5 24.7059)
(2.13516 -5 22.9624)
(1.67402 -5 42.4862)
(-1.70718 -5 17.3362)
(2.15054 -5 40.2778)
(-1.70644 -5 42.6807)
(0.833333 3.55662 45)
(0.81511 -3.49157 45)
(-3.50617 0.977876 45)
(3.50617 0.977876 45)
(-3.6437 -2.5412 45)
(-2.49294 3.58871 45)
(3.61162 -2.52294 45)
(2.49294 3.58871 45)
(1.92565 1.97529 45)
(0.0431633 2.09026 45)
(0.833333 0.669873 45)
(-0.777796 0.638129 45)
(0.0092563 -0.749364 45)
(1.66667 -0.773503 45)
(-1.59909 -0.786301 45)
(-0.595341 -2.16429 45)
(-1.91155 1.96747 45)
(-3.31215 -0.796093 45)
(-0.865776 3.53384 45)
(3.31801 -0.790787 45)
(3.61355 2.51496 45)
(-3.61187 2.51403 45)
(2.52883 -3.63051 45)
(-2.58193 -3.68693 45)
(-0.940048 -3.64837 45)
(0.825476 -1.84628 45)
(-2.16792 -2.16681 45)
(2.12762 -2.17593 45)
(2.20994 0.502405 45)
(-2.22135 0.400216 45)
(3.77992 3.77992 45)
(3.77992 -3.77992 45)
(-3.77992 3.77992 45)
(-3.7884 -3.7884 45)
(-3.46978 5 31.7701)
(-3.47285 5 38.8247)
(-3.45595 5 21.1782)
(-3.46799 5 26.4751)
(3.47172 5 35.2941)
(3.54715 5 40.3926)
(3.47172 5 19.4118)
(3.47172 5 30)
(3.47172 5 22.9412)
(-3.47172 5 35.2941)
(3.47172 5 26.4706)
(-0.848184 5 43.5845)
(-0.833333 5 16.4434)
(2.54154 5 16.3854)
(2.47145 5 43.6944)
(-3.34908 5 42.4071)
(-3.34017 5 17.5999)
(-3.45544 5 40.5975)
(-1.94811 5 39.7088)
(-1.94674 5 37.9466)
(-0.424403 5 38.8293)
(-0.421317 5 37.0693)
(1.10144 5 37.953)
(-0.409428 5 40.5484)
(1.02083 5 36.1918)
(-0.432011 5 35.3077)
(1.00839 5 34.4291)
(-0.434537 5 33.5447)
(1.09319 5 32.6655)
(-0.419218 5 31.7807)
(1.02602 5 30.9011)
(-0.425804 5 30.0162)
(1.01591 5 29.1366)
(-0.426823 5 28.2516)
(-1.93851 5 29.1309)
(1.01557 5 27.372)
(-0.424927 5 26.487)
(1.01791 5 25.6073)
(-0.421996 5 24.7224)
(1.02029 5 23.8428)
(-0.417064 5 22.9563)
(1.02144 5 22.0795)
(-0.409942 5 21.1954)
(-1.93354 5 23.8315)
(1.02409 5 20.3235)
(-0.385973 5 19.4787)
(0.980541 5 18.562)
(2.62865 5 37.0769)
(2.64282 5 31.7864)
(2.6514 5 21.1995)
(2.64954 5 28.2573)
(2.65563 5 24.7279)
(2.4358 5 39.0265)
(-1.92245 5 20.3145)
(-1.85021 5 18.6704)
(-1.86184 5 41.3431)
(-3.42813 5 19.4311)
(1.00856 5 39.6689)
(1.11062 5 41.097)
(-1.92585 5 22.0672)
(-1.94352 5 32.6596)
(-3.47255 5 37.0615)
(2.38764 5 33.8363)
(-1.93467 5 25.6005)
(-1.93694 5 27.366)
(-3.46652 5 28.2428)
(-3.46615 5 24.7088)
(-3.46358 5 22.9447)
(-1.94335 5 30.8938)
(-3.47101 5 33.5345)
(-1.94757 5 36.184)
(-1.95006 5 34.4207)
(-3.46969 5 30.0063)
(0.775676 5 43.6641)
(0.896354 5 16.719)
(3.48924 5 42.2952)
(3.66636 5 17.512)
(-2.45129 5 43.7413)
(-2.44745 5 16.2674)
(-0.421736 5 17.8751)
(-0.181846 5 42.2153)
(2.42136 5 41.3558)
(3.85881 5 43.845)
(3.79801 5 16.2305)
(2.28257 5 18.0061)
(3.765 5 38.5337)
(-3.81231 5 43.8122)
(-3.81138 5 16.189)
(2.08206 5 19.5006)
(3.97307 5 37.0045)
(2.10344 5 35.3656)
(3.74811 5 33.2901)
(3.98646 5 31.7647)
(3.99133 5 21.1765)
(2.12963 5 30.0209)
(3.99028 5 28.2353)
(2.13238 5 26.4917)
(3.99376 5 24.7059)
(2.13516 5 22.9624)
(1.67402 5 42.4862)
(-1.70718 5 17.3362)
(2.15054 5 40.2778)
(-1.70644 5 42.6807)
(-3.50617 0.977876 15)
(0.833333 3.55662 15)
(0.81511 -3.49157 15)
(3.50617 0.977876 15)
(-3.6437 -2.5412 15)
(-2.49294 3.58871 15)
(3.61162 -2.52294 15)
(2.49294 3.58871 15)
(1.92565 1.97529 15)
(0.0431633 2.09026 15)
(0.833333 0.669873 15)
(-0.777796 0.638129 15)
(0.0092563 -0.749364 15)
(1.66667 -0.773503 15)
(-1.59909 -0.786301 15)
(-0.595341 -2.16429 15)
(-1.91155 1.96747 15)
(-3.31215 -0.796093 15)
(-0.865776 3.53384 15)
(3.31801 -0.790787 15)
(3.61355 2.51496 15)
(-3.61187 2.51403 15)
(2.52883 -3.63051 15)
(-2.58193 -3.68693 15)
(-0.940048 -3.64837 15)
(0.825476 -1.84628 15)
(-2.16792 -2.16681 15)
(2.12762 -2.17593 15)
(2.20994 0.502405 15)
(-2.22135 0.400216 15)
(3.77992 3.77992 15)
(3.77992 -3.77992 15)
(-3.77992 3.77992 15)
(-3.7884 -3.7884 15)
(5 3.4693 31.759)
(5 3.46268 38.8154)
(5 3.47281 21.1752)
(5 3.47053 26.4685)
(5 -3.47172 35.2941)
(5 -3.48489 40.5738)
(5 -3.47172 19.4118)
(5 -3.47172 30)
(5 -3.4714 23.0633)
(5 3.46142 35.2884)
(5 -3.51245 26.4676)
(5 0.833333 43.5566)
(5 0.848162 16.4155)
(5 -2.47145 16.3057)
(5 -2.54243 43.6153)
(5 3.33505 42.398)
(5 3.34908 17.5929)
(5 3.45544 19.4025)
(5 1.94816 20.2912)
(5 1.94642 22.0532)
(5 0.510234 21.1709)
(5 0.517532 22.9301)
(5 0.425917 19.4521)
(5 1.95983 23.8157)
(5 0.433632 24.6911)
(5 -1.08344 20.2897)
(5 -0.891503 18.716)
(5 -1.0972 23.7039)
(5 -1.02421 25.5503)
(5 0.427338 26.4509)
(5 -1.01727 27.3273)
(5 0.423679 28.2163)
(5 -1.01949 29.0939)
(5 0.423707 29.9813)
(5 -1.0238 30.8589)
(5 0.419196 31.746)
(5 -1.11643 32.6233)
(5 0.394434 33.5106)
(5 1.93767 29.105)
(5 -1.0509 34.3882)
(5 0.396686 35.274)
(5 -1.04224 36.1531)
(5 0.403238 37.0354)
(5 -1.12987 37.9144)
(5 0.367151 38.7996)
(5 -1.0646 39.669)
(5 0.353485 40.5167)
(5 -1.00272 41.4338)
(5 -2.67458 38.7915)
(5 -2.67039 33.5005)
(5 -2.60183 24.6964)
(5 -2.65243 28.2069)
(5 1.91143 39.6763)
(5 1.83691 41.3254)
(5 1.86451 18.657)
(5 1.92392 34.3987)
(5 3.42434 40.5653)
(5 1.94348 37.9166)
(5 -3.55515 21.1968)
(5 -1.94724 22.0588)
(5 -2.41097 36.7465)
(5 1.93659 27.3404)
(5 -2.40269 31.4534)
(5 1.93831 32.6354)
(5 3.46549 33.5234)
(5 1.94397 30.87)
(5 3.47325 24.7018)
(5 3.47054 28.2312)
(5 3.47538 22.9381)
(5 1.94708 25.5778)
(5 1.93534 36.162)
(5 3.47368 29.9936)
(5 -0.904316 43.2816)
(5 -0.775768 16.3361)
(5 3.47176 37.0525)
(5 -3.44175 17.6422)
(5 -3.66994 42.4867)
(5 2.4466 43.7322)
(5 2.45128 16.2587)
(5 0.405492 42.124)
(5 0.215869 17.7582)
(5 -2.24291 18.8414)
(5 -2.46009 20.3597)
(5 -3.79801 43.7695)
(5 -2.29253 41.9891)
(5 -3.83465 16.1677)
(5 3.81371 43.8251)
(5 3.81231 16.1878)
(5 -0.599195 22.0479)
(5 -3.98414 24.7059)
(5 -2.12998 26.4447)
(5 -2.10386 40.4914)
(5 -3.99186 28.2353)
(5 -2.11403 29.9226)
(5 -3.75782 32.0021)
(5 -4.03288 38.8142)
(5 -4.00212 33.5294)
(5 -3.83357 37.2268)
(5 -2.12925 35.2165)
(5 -1.61994 17.5461)
(5 1.70718 42.6636)
(5 1.70644 17.3193)
(5 -2.25691 23.2819)
(7.51545 -0.157894 18.95)
(1.82396 7.37152 40.9329)
(1.82396 -7.3718 40.9329)
(7.51133 0.308388 29.15)
(0.103217 -7.48814 37.923)
(-0.862783 7.44625 15.4981)
(-7.49559 -0.126622 36.0814)
(0.497928 7.4923 33.4876)
(0.0879219 -7.51563 28.9268)
(-7.43929 -1.47513 22.9379)
(-0.791498 7.47737 25.6146)
(0.0857207 -7.51725 24.0556)
(-0.147317 7.52489 28.9915)
(-0.0295907 7.48428 36.1861)
(7.48207 0.424689 36.1546)
(-7.51681 -0.123083 27.0825)
(0.0961992 -7.46068 32.7)
(-7.48058 0.0133773 16.8426)
(-0.959935 -7.41396 15.5542)
(-0.130539 7.47982 20.3408)
(0.0851878 -7.54655 19.9183)
(7.45688 1.14138 40.2)
(7.37376 1.59249 44.0806)
(-0.05824 7.42751 44.073)
(7.45264 1.2777 16.867)
(-0.798916 7.46164 39.6922)
(-7.48299 0.522163 39.6749)
(-7.47523 1.24807 42.1573)
(-0.05824 -7.42423 44.073)
(-7.48085 -0.787664 33.5284)
(-7.55738 -0.127512 30.0874)
(-1.44279 7.42537 22.9986)
(1.16931 7.47076 23.0066)
(-7.52983 -0.10712 19.9799)
(-1.28146 7.44001 18.0383)
(-1.20926 -7.46403 34.957)
(7.43052 1.35653 26.5995)
(-7.47571 1.20015 24.0946)
(-0.720833 -7.54616 40.645)
(-1.21566 -7.44439 26.7036)
(-1.43439 7.37877 31.7722)
(1.41235 -7.48342 34.9191)
(7.38764 1.41571 33.5128)
(7.39069 1.49881 21.1718)
(7.45198 -1.08301 21.3683)
(-7.40264 1.84923 33.4843)
(-7.45701 -0.651183 44.2819)
(-7.25175 2.5 15.3545)
(1.37267 -7.40155 17.6766)
(7.43867 -0.505313 24.7644)
(1.26642 7.50578 18.1709)
(1.82327 7.41397 25.6229)
(1.38977 -7.44348 26.731)
(1.38174 7.42585 38.4757)
(7.47291 -0.310562 42.3365)
(1.80395 7.37654 31.3179)
(-1.92927 -7.42048 21.408)
(-1.56329 -7.41201 18.0264)
(-7.38242 2.01293 21.5715)
(-1.89184 -7.45812 30.4384)
(-7.44866 1.87419 28.5891)
(7.42807 -1.02192 38.7889)
(-7.39361 -2.10768 25.5727)
(-2.5 -7.2498 44.6455)
(7.45964 -1.11143 31.7389)
(-7.40305 -2.11349 28.5715)
(-7.46559 1.86316 37.5774)
(-7.17938 2.5 44.6448)
(-7.39904 -2.11678 37.5771)
(-1.56756 7.42567 42.075)
(-2.5 7.22535 44.6455)
(7.44212 -1.60883 27.5163)
(-2.52418 -7.28421 38.9866)
(-2.13989 7.42912 37.6203)
(7.23784 -2.5 44.5578)
(2.47264 7.31921 36.1031)
(-1.98461 7.44241 34.6965)
(2.07448 -7.43468 30.4234)
(2.06647 -7.43541 22.5507)
(-7.48026 -2.00444 15.4578)
(-7.27737 2.51847 26.2425)
(-7.42953 -2.12521 31.486)
(-2.15844 7.40919 27.6265)
(-2.5537 -7.33438 24.0498)
(7.40873 1.74351 31.1065)
(2.48814 7.28243 20.2766)
(7.41685 1.87976 24.2065)
(2.5 -7.23207 15.4427)
(2.49018 7.36094 28.9969)
(-7.42129 -1.53836 41.92)
(-2.54337 -7.32299 32.9473)
(7.37815 -0.818751 15.4179)
(2.72315 -7.28529 19.9394)
(1.56413 7.38065 15.298)
(-2.60445 7.23574 20.8968)
(-7.41422 -1.96512 18.339)
(2.4885 -7.25638 32.7832)
(-7.47337 1.87034 18.4854)
(-7.38596 2.04358 31.0933)
(2.22162 7.36159 43.3061)
(7.38341 2.32623 37.6604)
(7.44505 -1.68646 34.771)
(-3.10381 7.13017 15.7829)
(7.15495 3.00772 29.1132)
(-2.47827 -7.2295 42.2468)
(7.07272 -3.01117 16.8988)
(-7.28355 -2.76943 20.9486)
(2.74749 -7.26838 37.9184)
(2.5 -7.24433 44.6128)
(-7.1557 2.86012 39.6948)
(-2.80499 7.29075 29.8748)
(-3.07094 -7.19986 36.3573)
(7.25962 -2.82271 22.9424)
(-3.13894 -7.1707 16.3939)
(-7.34622 -2.728 44.2373)
(7.26331 -2.87112 42.0699)
(-3.08498 7.10361 39.7072)
(-3.07633 7.12993 25.522)
(-2.82146 -7.21184 28.3423)
(7.29389 -2.72974 30.0064)
(-7.19537 2.85371 35.5311)
(7.27487 2.95485 15.271)
(7.23434 2.67851 41.9839)
(3.38722 -7.11949 25.5385)
(-7.32518 -2.79986 34.9533)
(3.43962 7.08458 39.3668)
(7.24282 2.10414 18.98)
(3.41519 -7.16981 28.536)
(2.93318 7.23881 33.3744)
(7.27982 -2.46234 19.4492)
(-3.22236 -7.25067 19.5579)
(7.12912 3.41865 25.7983)
(7.12429 3.56461 44.8745)
(7.189 3.27255 34.778)
(-7.04013 3.365 23.8198)
(7.9639 -0.438858 44.6344)
(-3.28441 7.11709 32.9444)
(7.08822 -3.39298 36.3011)
(7.0749 3.29344 39.6678)
(7.16635 -3.41122 33.3489)
(7.0513 3.36611 32.55)
(-3.4472 7.12136 18.6301)
(-3.73127 6.98965 36.1777)
(3.22343 7.05294 23.8746)
(-3.75308 -7.06815 25.8498)
(-6.96119 3.85859 32.6421)
(-6.95858 3.88185 20.2848)
(7.1305 -3.34423 39.3701)
(-7.00955 -4.04691 15.0582)
(-6.94135 3.93018 29.1154)
(7.05617 3.5268 22.0566)
(3.54569 7.0893 18.3112)
(-7.0158 3.9491 16.9271)
(4.10618 -6.94991 36.0145)
(-6.93522 4.03885 37.8968)
(-3.71429 7.12231 22.7319)
(-7.22447 -2.59604 39.8518)
(-7.10028 3.35781 41.8075)
(3.52942 -7.16117 42.2451)
(3.82536 7.01932 41.6364)
(3.85448 7.05051 27.1071)
(4.05745 7.13568 14.7925)
(-7.04378 -3.42658 23.8563)
(0.0747148 -6.93308 21.9645)
(-4.00163 -7.04228 30.0855)
(-3.95474 -6.88395 34.4611)
(7.03778 -3.74208 27.2346)
(7.20978 -2.72127 25.2118)
(3.90014 -7.02995 18.1644)
(6.93118 4.07411 17.053)
(-3.86433 -6.87649 22.0597)
(-7.01923 -3.8087 27.2477)
(-3.67624 7.13154 42.4179)
(-6.95037 -4.15808 37.9576)
(6.92835 4.13158 20.0149)
(-4.15168 6.90223 27.2922)
(-6.90969 -4.13674 29.325)
(3.6331 -7.06005 39.8474)
(-6.91176 -4.14358 32.6096)
(7.87378 -1.38391 17.3349)
(4.10391 -7.00785 22.9475)
(-7.04471 -3.67253 17.1422)
(1.51075 7.99907 45.1818)
(0.367101 8.05915 42.1821)
(0.524604 8.00057 27.1064)
(7.07519 0.321001 22.8637)
(3.79436 6.95743 21.8704)
(6.92227 4.28025 23.9541)
(-4.31569 -6.85055 14.834)
(-7.09344 -3.59134 42.1716)
(3.81785 6.90682 30.8565)
(4.45423 -6.83839 30.2393)
(-4.25668 -6.91069 43.216)
(-4.2874 -6.81897 32.0692)
(-4.31127 6.89377 38.1128)
(-6.87584 4.28737 27.1293)
(7.04979 -4.03049 21.0311)
(-8.21919 -0.197501 37.9521)
(3.5876 7.11297 44.921)
(4.41297 6.90602 36.4256)
(-8.06715 0.362399 31.9774)
(-7.00528 0.498947 14.8879)
(-4.23669 -6.87663 37.983)
(-0.0261789 -6.80559 30.8037)
(-3.79383 -7.06202 40.6316)
(7.6645 -2.772 14.7781)
(-7.01621 -3.80318 19.1928)
(6.91967 4.03927 36.651)
(-4.21782 6.81065 31.2041)
(6.89766 -1.42052 36.8442)
(6.83334 4.18022 30.7199)
(6.89751 -4.38095 18.2521)
(6.79346 -4.28019 45.195)
(-6.84495 4.35138 14.8508)
(6.80613 -4.46486 14.7671)
(4.4254 -6.78927 15.6411)
(-6.84402 4.35705 45.1781)
(4.73794 -6.72037 44.1176)
(6.84545 -4.60542 30.3542)
(6.84142 4.26014 27.5879)
(0.355283 -6.9154 42.1948)
(-4.38182 6.75998 44.4304)
(4.79383 -6.7307 33.5294)
(-8.13488 0.306112 22.4689)
(-0.319847 8.24022 37.9648)
(-6.89617 4.56301 34.6252)
(-6.79942 -4.63881 21.3413)
(0.838618 -8.25817 39.5314)
(-4.34123 -6.80425 17.9556)
(0.11316 -8.25197 36.1389)
(-4.50133 6.76406 20.9771)
(-6.84878 4.38484 22.1671)
(0.7854 -8.01636 14.8444)
(4.56256 6.89626 34.484)
(-8.14007 -0.595826 24.5549)
(6.87503 -4.3801 24.1358)
(-4.63591 6.81317 24.4115)
(6.89482 -1.39727 40.7163)
(-4.69496 -6.70495 28.2353)
(-4.42879 -6.83974 24.0465)
(1.96717 -7.94202 24.4507)
(-1.23421 -6.72759 36.7475)
(6.78391 4.59489 42.2425)
(6.87264 1.04202 14.9948)
(0.0836484 8.10105 30.8207)
(8.18674 0.575694 37.9669)
(4.56211 6.85933 25.2622)
(-6.78897 4.64293 40.3809)
(4.33569 -6.92475 20.9997)
(-6.87198 -4.40594 36.0032)
(-6.84818 4.63362 25.2423)
(-4.72781 6.77438 40.7067)
(6.88464 -4.41991 43.2302)
(-4.46012 6.83083 34.4207)
(4.41873 6.83802 20.0316)
(6.71466 -4.82243 40.5882)
(6.70815 4.98894 33.4568)
(4.37927 6.85083 28.9828)
(-8.06544 0.902831 45.2224)
(-6.86465 4.62966 30.8815)
(-0.154204 8.34412 24.0504)
(-4.50499 6.83439 29.1582)
(1.27588 8.28325 35.0072)
(-8.33796 0.579582 34.5367)
(-4.33867 -6.88068 45.1582)
(-1.2879 -8.23776 22.9824)
(0.0311632 8.29771 16.9522)
(6.76677 -0.434263 33.4346)
(-6.83877 -4.46805 25.4547)
(-4.80392 6.86441 16.5529)
(-7.16787 -4.27246 45.4793)
(4.53761 -6.82343 27.032)
(-8.26214 0.99563 25.7804)
(4.62211 6.85605 43.351)
(1.47554 -8.22008 20.9645)
(-8.26383 -1.22826 21.2593)
(-2.7516 -7.8286 14.71)
(8.32483 0.0180375 27.513)
(6.80934 -4.56459 34.8238)
(1.37507 -6.79876 36.6912)
(0.147576 6.66601 41.0295)
(8.34638 0.19147 30.7868)
(-1.63403 -8.1732 19.7029)
(4.5876 -6.84215 37.8395)
(-1.35296 -8.33221 31.9552)
(-0.187461 -8.24158 17.0531)
(1.83059 -8.12134 28.7153)
(0.0977839 -8.30397 25.7279)
(6.708 5.00153 40.4329)
(6.83429 -4.81157 37.5246)
(1.26605 8.21243 21.3121)
(3.19889 6.71125 16.5442)
(6.75703 4.61995 38.4075)
(-6.89046 4.60786 43.2641)
(-6.65969 1.16406 35.0257)
(0.500727 6.67974 24.547)
(-6.86533 -4.80924 43.5513)
(-0.119599 6.64142 21.9824)
(-1.18167 -6.63902 25.0533)
(3.23335 -7.57548 34.4757)
(-1.1342 8.29183 33.3235)
(-6.66629 0.103692 25.4455)
(5.28 6.61234 23.0459)
(-6.82677 -4.48024 40.1254)
(-1.56007 -8.21549 37.7502)
(1.66962 -6.65363 39.2598)
(-8.15926 1.73308 16.7726)
(1.84986 6.68762 27.3595)
(-4.84982 -6.81395 36.2679)
(3.3391 7.71352 37.6583)
(-6.64998 -0.0573339 41.1891)
(-1.10761 -8.17364 45.3457)
(5.22013 6.56992 38.8235)
(6.66328 -1.01269 30.0928)
(-6.66108 -0.855207 38.73)
(-4.97457 -6.74048 19.7219)
(-6.67865 -0.32791 18.4134)
(-8.36219 -0.84907 40.5095)
(0.832647 -8.37702 31.3315)
(-0.567925 6.5776 27.3692)
(4.95115 -6.61605 24.7059)
(6.6845 -0.321251 26.4363)
(-6.92633 4.71368 18.6209)
(-0.934283 -8.15235 42.6293)
(6.73683 -4.94825 28.5674)
(6.82204 4.7638 15.3231)
(6.56444 1.54382 28.1958)
(-1.66098 8.13746 19.6552)
(6.77502 -4.93905 16.4989)
(-6.80328 -4.92315 34.2695)
(6.56112 2.09232 45.4692)
(0.479094 8.41126 40.4555)
(8.3622 0.170456 20.4848)
(5.29057 -6.55794 31.8032)
(-1.51217 -8.31203 28.8655)
(6.72416 -4.71018 32.1616)
(0.215064 6.67717 31.9104)
(-1.16391 6.62791 30.1659)
(4.55651 6.78018 32.6531)
(-7.91491 -2.55825 33.2172)
(1.86376 -7.94397 42.7543)
(-0.885089 8.42462 21.641)
(5.16909 -6.6232 40.6939)
(-8.427 0.630911 43.5048)
(-8.37998 0.349114 28.5742)
(-8.2507 1.87361 40.6866)
(-6.71968 -0.353632 21.5701)
(-6.78113 4.96129 36.3684)
(8.14268 -1.36802 29.1473)
(2.64385 -7.98424 36.2102)
(-6.79314 -4.92092 30.9924)
(0.833333 -6.53193 45.3187)
(1.27916 -8.24158 45.4168)
(-2.17113 8.18267 24.4235)
(-8.36398 1.41982 36.1135)
(6.54139 1.67779 35.282)
(-5.3143 -6.5235 26.4969)
(-1.32281 6.52526 33.3264)
(-0.833333 6.53051 45.4165)
(-2.21342 8.00123 14.6208)
(-6.44623 -5.56763 22.9753)
(-1.59365 8.31235 36.1873)
(-1.42384 -6.49115 31.8505)
(5.08788 -6.55801 19.4175)
(-1.45684 -6.46873 22.9514)
(-0.0307802 6.48981 37.95)
(6.75708 5.13737 25.6605)
(-6.52529 -0.571241 31.7485)
(-0.144442 6.53181 17.0203)
(-8.36292 0.306306 18.4389)
(8.23558 0.0593061 34.4822)
(6.7685 -4.86425 25.8604)
(0.0978556 -6.54555 34.2083)
(-6.58057 -0.332914 28.5975)
(-0.5261 -8.47878 21.3818)
(0.0787926 -6.50753 27.4695)
(6.56026 0.122687 20.4192)
(-8.42337 -0.492117 15.3337)
(-0.882294 -6.67112 39.1284)
(6.67497 5.16718 21.4572)
(-6.55622 2.35243 43.0649)
(-1.98663 8.1936 16.6193)
(6.54923 -0.243313 17.0216)
(-5.60344 6.42683 22.9995)
(1.78552 6.60937 34.6036)
(-8.31048 -1.70476 27.108)
(-6.55748 2.30286 16.9463)
(-0.0308639 -6.63196 18.4156)
(-8.39137 -1.62484 36.0513)
)


// ************************************************************************* //
